56,1,1870,904,678,519,-1,42.500142,-90.674854
57,1,1576,850,969,571,-1,42.500139,-90.674861
58,1,1248,834,1289,605,-1,42.500134,-90.674869
59,1,856,804,1510,612,-1,42.500131,-90.674882
60,1,488,729,1556,656,-1,42.500127,-90.674897
61,1,175,718,1464,634,-1,42.500123,-90.674914
62,1,25,709,1212,606,-1,42.500120,-90.674927
63,1,0,677,1011,608,-1,42.500120,-90.674934
64,1,0,661,625,585,-1,42.500118,-90.674944
65,1,3,663,282,426,-1,42.500125,-90.674966
73,2,1850,1015,684,436,-1,42.500139,-90.674855
74,2,1522,997,946,446,-1,42.500136,-90.674864
75,2,1194,980,1209,457,-1,42.500133,-90.674873
76,2,833,940,1240,465,-1,42.500129,-90.674889
77,2,523,904,1179,465,-1,42.500125,-90.674904
78,2,135,867,1228,489,-1,42.500120,-90.674920
79,2,19,841,992,463,-1,42.500119,-90.674932
80,2,0,795,677,478,-1,42.500117,-90.674941
81,2,1,763,341,442,-1,42.500118,-90.674953
93,3,2164,1075,391,376,-1,42.500142,-90.674847
94,3,1856,1027,693,403,-1,42.500141,-90.674854
95,3,1576,998,960,437,-1,42.500138,-90.674861
96,3,1244,966,1189,452,-1,42.500135,-90.674871
97,3,907,925,1196,456,-1,42.500131,-90.674887
98,3,540,880,1225,490,-1,42.500126,-90.674903
99,3,183,861,1198,452,-1,42.500123,-90.674921
100,3,27,820,1065,466,-1,42.500120,-90.674931
101,3,8,779,728,479,-1,42.500119,-90.674941
102,3,0,782,409,401,-1,42.500120,-90.674954
134,4,2063,989,485,451,-1,42.500142,-90.674849
135,4,1778,945,780,465,-1,42.500142,-90.674856
136,4,1518,942,1040,460,-1,42.500140,-90.674862
137,4,1198,894,1187,497,-1,42.500136,-90.674874
138,4,861,850,1224,529,-1,42.500131,-90.674888
139,4,593,822,1135,544,-1,42.500126,-90.674902
140,4,208,815,1240,503,-1,42.500123,-90.674918
141,4,0,778,1141,503,-1,42.500121,-90.674931
142,4,3,758,827,507,-1,42.500119,-90.674939
143,4,0,744,486,497,-1,42.500117,-90.674947
144,4,0,715,199,398,-1,42.500123,-90.674965
200,5,10,970,488,735,-1,42.500099,-90.674922
201,5,0,858,912,908,-1,42.500100,-90.674913
202,5,26,929,1289,857,-1,42.500101,-90.674906
202,8,1319,340,140,55,-1,42.500594,-90.675085
203,5,0,936,1824,900,-1,42.500103,-90.674898
203,8,1314,331,113,64,-1,42.500587,-90.675089
204,5,400,976,1798,889,-1,42.500106,-90.674886
204,8,1318,331,106,66,-1,42.500580,-90.675086
205,5,781,983,1027,915,-1,42.500105,-90.674885
205,8,1319,329,96,70,-1,42.500572,-90.675084
206,6,1232,1034,129,839,-1,42.500106,-90.674886
206,8,1319,334,97,65,-1,42.500572,-90.675084
207,8,1323,332,94,71,-1,42.500561,-90.675078
208,7,2035,1093,514,802,-1,42.500117,-90.674853
208,8,1321,332,90,74,-1,42.500551,-90.675075
209,8,1318,333,90,80,-1,42.500530,-90.675067
210,8,1318,336,97,83,-1,42.500516,-90.675060
211,8,1323,335,87,85,-1,42.500514,-90.675059
212,8,1324,337,88,88,-1,42.500502,-90.675053
213,8,1325,331,89,100,-1,42.500489,-90.675047
214,8,1326,333,93,104,-1,42.500477,-90.675041
215,8,1324,334,98,106,-1,42.500471,-90.675038
216,8,1326,344,97,95,-1,42.500473,-90.675039
217,8,1330,345,93,97,-1,42.500467,-90.675036
218,8,1327,343,97,104,-1,42.500458,-90.675032
219,8,1327,347,101,105,-1,42.500449,-90.675028
220,8,1329,350,101,106,-1,42.500442,-90.675025
221,8,1333,347,100,112,-1,42.500438,-90.675022
222,8,1333,352,106,112,-1,42.500430,-90.675018
223,8,1334,355,108,116,-1,42.500419,-90.675013
224,8,1334,365,110,96,-1,42.500435,-90.675019
225,8,1336,367,111,96,-1,42.500433,-90.675018
226,8,1342,366,110,98,-1,42.500432,-90.675016
227,8,1349,369,104,106,-1,42.500416,-90.675008
228,8,1344,375,110,103,-1,42.500411,-90.675007
229,8,1341,376,112,108,-1,42.500402,-90.675003
230,8,1345,376,106,115,-1,42.500392,-90.674999
231,8,1343,378,108,116,-1,42.500388,-90.674998
232,8,1343,382,117,116,-1,42.500384,-90.674995
233,8,1342,385,124,120,-1,42.500376,-90.674991
234,8,1348,387,129,124,-1,42.500370,-90.674987
235,8,1347,387,133,131,-1,42.500362,-90.674984
236,8,1349,387,136,135,-1,42.500358,-90.674981
237,8,1353,391,140,140,-1,42.500350,-90.674977
238,8,1354,394,146,145,-1,42.500342,-90.674973
239,8,1361,398,141,152,-1,42.500333,-90.674969
240,8,1356,400,152,160,-1,42.500324,-90.674965
241,8,1356,407,157,152,-1,42.500325,-90.674965
242,8,1359,410,159,156,-1,42.500320,-90.674962
243,8,1369,419,159,157,-1,42.500313,-90.674958
244,8,1377,423,161,161,-1,42.500308,-90.674955
245,8,1373,428,172,159,-1,42.500306,-90.674954
246,8,1371,431,177,164,-1,42.500300,-90.674951
247,8,1379,440,172,155,-1,42.500301,-90.674951
248,8,1384,449,186,159,-1,42.500293,-90.674946
249,8,1386,452,191,168,-1,42.500286,-90.674943
250,8,1393,453,185,182,-1,42.500278,-90.674939
251,8,1397,452,195,188,-1,42.500276,-90.674937
252,8,1405,456,194,190,-1,42.500273,-90.674935
253,8,1404,461,205,190,-1,42.500271,-90.674934
254,8,1401,461,215,195,-1,42.500268,-90.674933
255,8,1410,464,215,199,-1,42.500265,-90.674930
256,8,1408,469,227,205,-1,42.500260,-90.674928
257,8,1413,470,234,217,-1,42.500255,-90.674925
258,8,1417,471,236,226,-1,42.500250,-90.674923
259,8,1421,475,238,228,-1,42.500248,-90.674922
260,8,1421,482,250,228,-1,42.500246,-90.674920
261,8,1426,486,251,230,-1,42.500244,-90.674919
262,8,1431,492,254,233,-1,42.500240,-90.674917
263,8,1436,485,261,243,-1,42.500240,-90.674916
264,8,1442,487,262,254,-1,42.500235,-90.674914
265,8,1450,498,258,251,-1,42.500233,-90.674913
266,8,1454,500,264,260,-1,42.500229,-90.674911
267,8,1454,507,276,262,-1,42.500227,-90.674909
268,8,1458,511,284,266,-1,42.500224,-90.674908
269,8,1468,513,275,273,-1,42.500222,-90.674907
270,8,1466,514,280,281,-1,42.500219,-90.674906
271,8,1465,524,288,286,-1,42.500215,-90.674904
272,8,1478,527,284,286,-1,42.500214,-90.674903
273,8,1481,535,281,286,-1,42.500212,-90.674902
274,8,1485,540,281,287,-1,42.500211,-90.674902
275,8,1487,546,281,282,-1,42.500211,-90.674901
276,8,1492,549,283,286,-1,42.500209,-90.674900
277,8,1494,546,286,303,-1,42.500205,-90.674899
278,8,1492,547,286,312,-1,42.500203,-90.674899
279,8,1489,551,295,313,-1,42.500202,-90.674898
280,8,1487,551,300,323,-1,42.500199,-90.674898
281,8,1482,551,312,328,-1,42.500198,-90.674897
282,8,1485,559,309,323,-1,42.500198,-90.674897
283,8,1489,558,311,326,-1,42.500197,-90.674896
284,8,1490,560,305,324,-1,42.500197,-90.674896
285,8,1489,561,307,326,-1,42.500197,-90.674896
286,8,1487,557,311,331,-1,42.500196,-90.674896
287,8,1487,562,310,325,-1,42.500197,-90.674896
288,8,1487,558,311,330,-1,42.500196,-90.674896
289,8,1487,555,312,334,-1,42.500196,-90.674896
290,8,1485,556,312,332,-1,42.500196,-90.674896
291,8,1485,557,312,332,-1,42.500196,-90.674896
292,8,1486,558,312,333,-1,42.500196,-90.674896
293,8,1487,558,309,335,-1,42.500195,-90.674896
293,9,18,961,1259,940,-1,42.500098,-90.674904
294,8,1486,556,313,338,-1,42.500195,-90.674896
294,9,2,1035,1748,853,-1,42.500101,-90.674898
295,8,1488,558,311,336,-1,42.500195,-90.674896
295,9,200,1081,2090,815,-1,42.500104,-90.674887
296,8,1488,557,310,339,-1,42.500195,-90.674896
296,9,748,1115,1126,792,-1,42.500105,-90.674885
297,8,1487,558,312,338,-1,42.500195,-90.674896
298,8,1486,557,312,337,-1,42.500195,-90.674896
299,8,1487,559,311,335,-1,42.500195,-90.674896
300,8,1488,558,310,335,-1,42.500195,-90.674896
301,8,1488,559,309,335,-1,42.500195,-90.674896
302,8,1485,557,311,335,-1,42.500195,-90.674896
302,10,1986,1013,567,419,-1,42.500142,-90.674851
303,8,1483,559,318,336,-1,42.500195,-90.674896
303,10,1684,996,872,425,-1,42.500140,-90.674858
304,8,1485,554,314,341,-1,42.500195,-90.674896
304,10,1370,964,1086,444,-1,42.500137,-90.674868
305,8,1488,556,315,334,-1,42.500196,-90.674896
305,10,1056,931,1301,462,-1,42.500134,-90.674878
306,8,1481,550,322,347,-1,42.500194,-90.674896
306,10,720,866,1294,517,-1,42.500129,-90.674893
307,8,1482,556,316,338,-1,42.500195,-90.674896
307,10,375,856,1313,508,-1,42.500124,-90.674908
308,8,1485,557,319,336,-1,42.500195,-90.674896
308,10,45,840,1302,476,-1,42.500121,-90.674924
309,8,1487,559,313,336,-1,42.500195,-90.674896
309,10,8,799,1020,463,-1,42.500121,-90.674935
310,8,1487,559,312,335,-1,42.500195,-90.674896
310,10,0,762,710,494,-1,42.500119,-90.674942
311,8,1487,559,313,336,-1,42.500195,-90.674896
311,10,0,727,412,454,-1,42.500120,-90.674954
312,8,1486,559,314,335,-1,42.500195,-90.674896
313,8,1486,559,314,335,-1,42.500195,-90.674896
314,8,1485,558,315,336,-1,42.500195,-90.674896
315,8,1487,558,312,336,-1,42.500195,-90.674896
316,8,1487,558,312,335,-1,42.500195,-90.674896
317,8,1487,559,312,335,-1,42.500195,-90.674896
318,8,1485,557,314,336,-1,42.500195,-90.674896
319,8,1486,558,311,335,-1,42.500195,-90.674896
320,8,1488,560,311,335,-1,42.500195,-90.674896
321,8,1488,563,308,332,-1,42.500195,-90.674896
322,8,1487,565,311,334,-1,42.500194,-90.674896
323,8,1485,567,310,331,-1,42.500194,-90.674896
324,8,1484,571,315,332,-1,42.500193,-90.674896
324,11,2106,1010,436,466,-1,42.500140,-90.674849
325,8,1480,570,320,339,-1,42.500192,-90.674895
325,11,1801,971,753,464,-1,42.500140,-90.674855
326,8,1476,575,330,345,-1,42.500189,-90.674895
326,11,1470,941,1005,484,-1,42.500137,-90.674865
327,8,1480,566,322,342,-1,42.500192,-90.674895
327,11,1140,911,1257,504,-1,42.500134,-90.674874
328,8,1476,572,327,309,-1,42.500198,-90.674897
328,11,812,860,1231,533,-1,42.500129,-90.674890
329,8,1473,580,333,356,-1,42.500186,-90.674894
329,11,459,834,1235,527,-1,42.500125,-90.674906
330,8,1478,577,334,363,-1,42.500186,-90.674893
330,11,106,804,1248,503,-1,42.500122,-90.674923
331,8,1478,580,328,367,-1,42.500184,-90.674893
331,11,12,750,1000,527,-1,42.500120,-90.674934
332,8,1476,580,329,370,-1,42.500184,-90.674893
332,11,1,734,671,529,-1,42.500118,-90.674942
333,8,1469,583,338,375,-1,42.500182,-90.674893
333,11,0,705,362,455,-1,42.500121,-90.674957
334,8,1456,589,355,373,-1,42.500181,-90.674893
335,8,1451,597,360,370,-1,42.500180,-90.674893
336,8,1441,596,364,382,-1,42.500178,-90.674893
337,8,1424,602,376,396,-1,42.500174,-90.674893
338,8,1408,594,377,408,-1,42.500173,-90.674894
339,8,1395,599,375,414,-1,42.500171,-90.674894
340,8,1367,599,403,422,-1,42.500169,-90.674895
341,8,1333,612,442,430,-1,42.500166,-90.674895
342,8,1296,621,486,433,-1,42.500164,-90.674895
343,8,1281,616,484,451,-1,42.500161,-90.674896
344,8,1253,635,509,441,-1,42.500160,-90.674896
345,8,1211,620,551,472,-1,42.500157,-90.674897
346,8,1161,618,594,493,-1,42.500154,-90.674898
347,8,1113,630,657,491,-1,42.500153,-90.674898
348,8,1052,641,703,485,-1,42.500151,-90.674900
349,8,998,655,718,481,-1,42.500149,-90.674902
350,8,937,663,782,475,-1,42.500148,-90.674904
351,8,876,662,830,487,-1,42.500146,-90.674905
352,8,803,687,860,477,-1,42.500143,-90.674907
353,8,736,693,901,474,-1,42.500142,-90.674910
354,8,651,694,964,479,-1,42.500140,-90.674912
355,8,575,705,997,467,-1,42.500139,-90.674915
356,8,485,702,1051,485,-1,42.500136,-90.674917
357,8,405,711,1098,458,-1,42.500136,-90.674921
358,8,317,715,1123,463,-1,42.500134,-90.674924
359,8,218,708,1189,466,-1,42.500133,-90.674928
360,8,132,708,1192,468,-1,42.500131,-90.674931
361,8,32,699,1233,478,-1,42.500129,-90.674935
362,8,18,705,1138,473,-1,42.500128,-90.674938
363,8,0,696,1081,481,-1,42.500127,-90.674940
364,8,0,678,1008,486,-1,42.500127,-90.674942
365,8,0,670,883,505,-1,42.500125,-90.674944
366,8,2,661,761,517,-1,42.500124,-90.674947
367,8,0,644,659,539,-1,42.500123,-90.674948
368,8,0,633,552,537,-1,42.500122,-90.674952
369,8,6,632,432,514,-1,42.500123,-90.674956
370,8,0,627,329,477,-1,42.500125,-90.674963
371,8,0,638,204,451,-1,42.500124,-90.674967
448,12,0,1040,354,752,-1,42.500096,-90.674921
449,12,0,859,847,1050,-1,42.500096,-90.674910
450,12,14,909,1335,1001,-1,42.500098,-90.674903
450,13,0,862,1307,198,-1,42.500139,-90.674944
451,12,29,959,1822,952,-1,42.500101,-90.674895
451,14,1,937,1858,48,-1,42.500155,-90.674937
452,12,44,1009,2309,903,-1,42.500104,-90.674888
453,12,207,1054,2311,858,-1,42.500105,-90.674883
454,12,767,1067,1777,844,-1,42.500109,-90.674874
455,12,1296,1093,1242,813,-1,42.500112,-90.674866
456,12,1742,1188,785,719,-1,42.500114,-90.674859
473,16,0,917,732,981,-1,42.500095,-90.674912
474,15,0,887,1248,164,-1,42.500139,-90.674947
474,16,69,943,1118,948,-1,42.500098,-90.674905
475,16,139,969,1504,915,-1,42.500101,-90.674897
476,16,209,996,1890,882,-1,42.500104,-90.674890
477,16,279,1022,2276,849,-1,42.500107,-90.674882
478,16,860,1085,1694,809,-1,42.500110,-90.674872
479,16,1443,1089,1095,824,-1,42.500112,-90.674863
514,17,0,1129,1839,787,-1,42.500100,-90.674896
515,17,123,1179,2325,723,-1,42.500105,-90.674885
614,18,1924,965,623,443,-1,42.500143,-90.674853
615,18,1648,933,905,504,-1,42.500139,-90.674859
616,18,1326,900,1090,498,-1,42.500137,-90.674870
617,18,944,851,1149,522,-1,42.500132,-90.674886
618,18,534,835,1202,514,-1,42.500127,-90.674904
619,18,181,794,1202,513,-1,42.500123,-90.674921
620,18,20,749,1040,516,-1,42.500121,-90.674934
621,18,0,719,685,530,-1,42.500119,-90.674943
622,18,0,683,339,470,-1,42.500121,-90.674958
645,19,0,1107,988,812,-1,42.500096,-90.674908
647,20,227,1232,2178,671,-1,42.500105,-90.674884
648,20,1007,1307,586,607,-1,42.500105,-90.674885
684,21,2231,1109,326,374,-1,42.500141,-90.674846
685,21,1905,1045,650,433,-1,42.500138,-90.674853
686,21,1552,1007,1004,491,-1,42.500133,-90.674861
687,21,1200,977,1227,511,-1,42.500130,-90.674872
688,21,816,950,1240,482,-1,42.500127,-90.674889
689,21,422,927,1254,482,-1,42.500122,-90.674905
690,21,44,877,1258,496,-1,42.500118,-90.674922
691,21,12,856,900,475,-1,42.500116,-90.674933
692,21,0,790,549,489,-1,42.500116,-90.674943
817,22,2107,996,432,486,-1,42.500139,-90.674849
818,22,1825,963,732,491,-1,42.500139,-90.674855
819,22,1506,939,980,494,-1,42.500137,-90.674864
820,22,1187,915,1227,496,-1,42.500135,-90.674873
821,22,830,869,1255,524,-1,42.500130,-90.674889
822,22,528,851,1185,521,-1,42.500125,-90.674904
823,22,216,821,1155,516,-1,42.500122,-90.674919
824,22,0,805,1078,484,-1,42.500120,-90.674932
825,22,4,740,737,533,-1,42.500118,-90.674940
826,22,8,725,408,500,-1,42.500118,-90.674950
1192,23,2028,1038,518,423,-1,42.500140,-90.674850
1193,23,1708,1013,824,435,-1,42.500138,-90.674858
1194,23,1376,989,1177,471,-1,42.500134,-90.674865
1195,23,1037,972,1289,456,-1,42.500131,-90.674878
1196,23,652,927,1341,473,-1,42.500127,-90.674894
1197,23,352,871,1195,494,-1,42.500123,-90.674911
1198,23,20,867,1207,458,-1,42.500119,-90.674926
1199,23,7,829,858,447,-1,42.500119,-90.674937
1200,23,0,750,577,506,-1,42.500117,-90.674944
1201,23,1,849,240,313,-1,42.500120,-90.674959
1243,24,2283,1038,273,359,-1,42.500148,-90.674843
1244,25,1977,963,566,427,-1,42.500145,-90.674851
1245,25,1683,918,863,439,-1,42.500145,-90.674858
1246,25,1360,890,1039,473,-1,42.500140,-90.674870
1247,25,1038,863,1215,507,-1,42.500135,-90.674881
1248,25,659,818,1274,523,-1,42.500130,-90.674897
1249,25,300,767,1256,534,-1,42.500126,-90.674915
1250,25,1,728,1189,530,-1,42.500123,-90.674932
1251,25,17,730,833,507,-1,42.500121,-90.674940
1252,25,0,671,528,514,-1,42.500121,-90.674951
1302,26,2318,1076,240,308,-1,42.500150,-90.674842
1303,26,2038,994,512,417,-1,42.500144,-90.674850
1304,26,1752,979,792,418,-1,42.500143,-90.674857
1305,26,1447,939,1012,440,-1,42.500140,-90.674866
1306,26,1142,899,1232,462,-1,42.500138,-90.674876
1307,26,822,873,1231,465,-1,42.500133,-90.674891
1308,26,515,867,1204,450,-1,42.500129,-90.674906
1309,26,190,832,1188,458,-1,42.500124,-90.674922
1310,26,2,792,1078,465,-1,42.500122,-90.674934
1311,26,5,774,750,460,-1,42.500120,-90.674942
1312,26,5,729,448,472,-1,42.500120,-90.674951
1372,27,0,1106,714,810,-1,42.500095,-90.674912
1372,28,2141,981,408,465,-1,42.500143,-90.674848
1373,28,1854,941,688,456,-1,42.500144,-90.674854
1374,28,1583,904,974,527,-1,42.500138,-90.674861
1375,28,1313,869,1086,531,-1,42.500137,-90.674871
1375,29,215,1174,1932,717,-1,42.500104,-90.674889
1376,28,980,869,1154,469,-1,42.500135,-90.674886
1377,28,659,835,1126,504,-1,42.500129,-90.674901
1378,28,398,804,1068,505,-1,42.500126,-90.674914
1379,28,54,771,1123,507,-1,42.500122,-90.674930
1380,28,10,730,906,517,-1,42.500121,-90.674938
1381,28,0,724,628,518,-1,42.500119,-90.674944
1382,28,0,687,351,430,-1,42.500124,-90.674961
1393,30,2179,992,377,412,-1,42.500146,-90.674846
1394,30,1892,953,661,426,-1,42.500146,-90.674853
1395,30,1906,956,647,425,-1,42.500146,-90.674853
1396,30,1920,958,632,423,-1,42.500146,-90.674852
1396,31,1320,895,1186,481,-1,42.500140,-90.674868
1397,30,1935,961,618,421,-1,42.500146,-90.674852
1397,31,981,868,1238,503,-1,42.500134,-90.674883
1398,30,1949,964,603,419,-1,42.500146,-90.674852
1398,31,669,856,1249,481,-1,42.500130,-90.674898
1399,30,1963,966,589,417,-1,42.500146,-90.674851
1399,31,343,811,1212,488,-1,42.500127,-90.674914
1400,30,1977,969,574,415,-1,42.500146,-90.674851
1400,31,37,780,1239,500,-1,42.500123,-90.674928
1401,30,1991,972,560,414,-1,42.500146,-90.674851
1401,31,0,737,989,514,-1,42.500121,-90.674936
1402,30,2006,975,545,412,-1,42.500146,-90.674850
1402,31,0,729,648,500,-1,42.500120,-90.674945
1403,30,2020,977,531,410,-1,42.500146,-90.674850
1403,31,5,728,358,431,-1,42.500121,-90.674957
1404,30,2034,980,516,408,-1,42.500146,-90.674850
1405,30,2048,983,502,406,-1,42.500146,-90.674849
1406,30,2062,986,487,404,-1,42.500146,-90.674849
1407,30,2077,988,473,402,-1,42.500146,-90.674848
1408,30,2091,991,458,401,-1,42.500146,-90.674848
1409,30,2105,994,444,399,-1,42.500147,-90.674848
1410,30,2119,996,429,397,-1,42.500147,-90.674847
1411,30,2133,999,415,395,-1,42.500147,-90.674847
1412,30,2148,1002,400,393,-1,42.500147,-90.674847
1413,30,2162,1005,386,391,-1,42.500147,-90.674846
1414,30,2176,1007,371,390,-1,42.500147,-90.674846
1415,30,2190,1010,357,388,-1,42.500147,-90.674846
1416,30,2204,1013,342,386,-1,42.500147,-90.674845
1417,30,2219,1016,328,384,-1,42.500147,-90.674845
1418,30,2233,1018,313,382,-1,42.500147,-90.674845
1419,30,2000,952,544,452,-1,42.500144,-90.674851
1420,30,1739,925,812,460,-1,42.500143,-90.674857
1421,30,1502,895,1053,507,-1,42.500140,-90.674863
1422,30,1251,879,1201,505,-1,42.500138,-90.674871
1423,30,965,861,1193,498,-1,42.500134,-90.674885
1424,30,674,834,1204,489,-1,42.500131,-90.674899
1425,30,364,802,1253,515,-1,42.500126,-90.674912
1426,30,95,766,1222,516,-1,42.500123,-90.674926
1427,30,0,739,1046,524,-1,42.500121,-90.674934
1428,30,5,713,762,525,-1,42.500120,-90.674942
1429,30,0,695,503,513,-1,42.500120,-90.674950
1430,30,0,671,241,413,-1,42.500125,-90.674967
1441,32,0,1002,606,902,-1,42.500095,-90.674913
1442,33,0,913,1081,92,-1,42.500142,-90.674956
1443,34,11,946,1548,949,-1,42.500100,-90.674900
1444,34,39,1017,1967,895,-1,42.500102,-90.674893
1445,34,529,1050,1994,850,-1,42.500107,-90.674878
1572,35,2146,1051,403,496,-1,42.500135,-90.674849
1573,35,1802,989,752,523,-1,42.500135,-90.674856
1574,35,1466,959,1008,547,-1,42.500131,-90.674865
1575,35,1130,930,1265,571,-1,42.500128,-90.674874
1576,35,770,891,1274,583,-1,42.500124,-90.674889
1577,35,412,863,1271,586,-1,42.500120,-90.674904
1578,35,35,826,1301,587,-1,42.500116,-90.674919
1579,35,14,786,941,561,-1,42.500116,-90.674931
1580,35,0,744,592,564,-1,42.500115,-90.674940
1853,36,2091,1016,447,469,-1,42.500139,-90.674849
1854,36,1845,969,705,492,-1,42.500139,-90.674855
1855,36,1553,955,1000,521,-1,42.500135,-90.674861
1856,36,1261,929,1137,516,-1,42.500133,-90.674871
1857,36,913,871,1203,557,-1,42.500128,-90.674885
1858,36,607,833,1196,560,-1,42.500125,-90.674900
1859,36,282,830,1197,534,-1,42.500121,-90.674914
1860,36,26,820,1144,542,-1,42.500117,-90.674925
1861,36,12,778,864,435,-1,42.500123,-90.674941
1862,36,2,730,564,495,-1,42.500119,-90.674947
1863,36,0,707,287,460,-1,42.500120,-90.674958
1863,37,733,1071,1133,831,-1,42.500105,-90.674885
1922,38,2229,1038,312,407,-1,42.500143,-90.674846
1923,38,1907,961,641,454,-1,42.500143,-90.674853
1924,38,1568,947,985,486,-1,42.500138,-90.674861
1925,38,1203,889,1187,518,-1,42.500135,-90.674873
1926,38,815,847,1183,535,-1,42.500130,-90.674891
1927,38,482,845,1158,487,-1,42.500127,-90.674908
1928,38,83,812,1193,476,-1,42.500122,-90.674926
1929,38,2,762,912,498,-1,42.500120,-90.674937
1930,38,1,722,537,510,-1,42.500118,-90.674947
2038,39,2136,980,414,415,-1,42.500147,-90.674847
2039,39,1861,933,693,435,-1,42.500146,-90.674854
2041,40,1286,877,1093,493,-1,42.500138,-90.674872
2042,40,948,867,1140,469,-1,42.500135,-90.674887
2043,40,624,825,1133,474,-1,42.500131,-90.674904
2044,40,291,786,1145,485,-1,42.500127,-90.674919
2045,40,21,743,1090,496,-1,42.500123,-90.674934
2046,40,0,742,823,480,-1,42.500122,-90.674942
2047,40,0,710,491,474,-1,42.500121,-90.674952
2381,41,9,962,413,607,-1,42.500103,-90.674929
2382,41,0,877,610,690,-1,42.500104,-90.674926
2383,41,0,848,809,710,-1,42.500106,-90.674923
2384,41,9,850,935,687,-1,42.500107,-90.674921
2385,41,0,854,1131,661,-1,42.500109,-90.674919
2386,41,0,839,1235,685,-1,42.500110,-90.674917
2387,41,19,832,1385,678,-1,42.500112,-90.674914
2388,41,0,815,1497,703,-1,42.500112,-90.674913
2389,41,127,820,1447,661,-1,42.500115,-90.674910
2390,41,276,817,1417,672,-1,42.500117,-90.674905
2391,41,458,826,1284,630,-1,42.500120,-90.674902
2392,41,567,828,1221,603,-1,42.500123,-90.674899
2393,41,692,807,1155,588,-1,42.500126,-90.674897
2394,41,822,815,1061,564,-1,42.500129,-90.674894
2395,41,926,825,993,524,-1,42.500132,-90.674891
2396,41,1034,818,918,476,-1,42.500138,-90.674890
2397,41,1144,795,824,468,-1,42.500141,-90.674887
2398,41,1245,778,750,472,-1,42.500144,-90.674884
2399,41,1304,781,692,451,-1,42.500146,-90.674883
2400,41,1378,766,637,427,-1,42.500151,-90.674882
2401,41,1452,766,567,394,-1,42.500156,-90.674880
2402,41,1482,754,538,377,-1,42.500160,-90.674880
2403,41,1545,745,483,351,-1,42.500165,-90.674879
2404,41,1587,727,445,349,-1,42.500169,-90.674878
2405,41,1628,725,409,331,-1,42.500172,-90.674877
2406,41,1650,709,369,316,-1,42.500177,-90.674877
2407,41,1672,696,349,308,-1,42.500181,-90.674877
2408,41,1688,684,317,295,-1,42.500186,-90.674877
2409,41,1726,678,277,260,-1,42.500195,-90.674877
2410,41,1733,672,271,252,-1,42.500198,-90.674877
2411,41,1738,644,265,250,-1,42.500205,-90.674877
2412,41,1744,631,256,239,-1,42.500211,-90.674878
2413,41,1732,627,255,229,-1,42.500214,-90.674880
2414,41,1717,616,259,223,-1,42.500219,-90.674881
2415,41,1711,591,243,226,-1,42.500224,-90.674883
2416,41,1700,575,245,227,-1,42.500229,-90.674885
2417,41,1680,563,259,214,-1,42.500237,-90.674888
2418,41,1663,559,258,207,-1,42.500240,-90.674890
2419,41,1653,551,247,207,-1,42.500242,-90.674892
2420,41,1634,536,246,198,-1,42.500250,-90.674896
2421,41,1618,524,248,193,-1,42.500257,-90.674899
2422,41,1601,516,253,183,-1,42.500264,-90.674902
2423,41,1596,508,242,177,-1,42.500270,-90.674905
2424,41,1586,501,233,166,-1,42.500278,-90.674908
2425,41,1579,496,223,157,-1,42.500285,-90.674912
2426,41,1553,491,234,153,-1,42.500289,-90.674915
2427,41,1554,488,215,149,-1,42.500293,-90.674917
2428,41,1547,482,204,147,-1,42.500297,-90.674920
2429,41,1546,476,188,139,-1,42.500305,-90.674924
2430,41,1539,466,175,145,-1,42.500307,-90.674926
2431,41,1506,460,198,136,-1,42.500315,-90.674932
2432,41,1509,450,182,135,-1,42.500324,-90.674935
2433,41,1504,446,172,133,-1,42.500327,-90.674938
2434,41,1491,437,174,136,-1,42.500331,-90.674941
2435,41,1480,435,173,125,-1,42.500341,-90.674946
2436,41,1476,433,166,121,-1,42.500346,-90.674949
2437,41,1474,424,157,123,-1,42.500352,-90.674952
2438,41,1465,416,155,120,-1,42.500362,-90.674957
2439,41,1458,414,149,115,-1,42.500368,-90.674961
2440,41,1453,412,147,111,-1,42.500374,-90.674964
2441,41,1451,407,135,109,-1,42.500381,-90.674968
2442,41,1439,404,144,108,-1,42.500385,-90.674971
2443,41,1432,398,144,106,-1,42.500394,-90.674976
2444,41,1430,395,134,99,-1,42.500406,-90.674982
2445,41,1427,392,130,101,-1,42.500407,-90.674983
2446,41,1418,388,124,97,-1,42.500416,-90.674989
2447,41,1417,382,121,103,-1,42.500416,-90.674990
2448,41,1413,379,120,102,-1,42.500421,-90.674992
2449,41,1411,377,116,94,-1,42.500436,-90.674999
2450,41,1405,374,109,93,-1,42.500441,-90.675003
2451,41,1399,372,108,94,-1,42.500441,-90.675005
2452,41,1389,368,109,89,-1,42.500455,-90.675013
2452,42,1907,981,647,453,-1,42.500141,-90.674853
2453,41,1394,367,97,88,-1,42.500459,-90.675014
2453,42,1556,939,956,491,-1,42.500138,-90.674862
2454,41,1385,366,108,82,-1,42.500471,-90.675020
2454,42,1206,898,1265,529,-1,42.500134,-90.674871
2455,41,1383,361,106,83,-1,42.500479,-90.675024
2455,42,828,852,1315,543,-1,42.500130,-90.674887
2456,41,1384,360,101,80,-1,42.500487,-90.675027
2456,42,522,821,1214,564,-1,42.500124,-90.674903
2457,41,1383,356,95,79,-1,42.500497,-90.675032
2457,42,119,794,1252,537,-1,42.500121,-90.674921
2458,41,1376,352,99,79,-1,42.500505,-90.675037
2458,42,6,763,1023,521,-1,42.500120,-90.674933
2459,41,1372,355,96,73,-1,42.500510,-90.675041
2459,42,0,737,660,520,-1,42.500118,-90.674943
2460,41,1364,350,102,75,-1,42.500516,-90.675045
2460,42,0,702,320,476,-1,42.500120,-90.674956
2461,41,1357,347,109,76,-1,42.500520,-90.675047
2478,43,2020,1068,523,518,-1,42.500132,-90.674852
2479,43,1663,999,882,533,-1,42.500132,-90.674859
2480,43,1274,968,1276,596,-1,42.500127,-90.674867
2481,43,851,899,1369,602,-1,42.500125,-90.674883
2482,43,498,879,1315,593,-1,42.500120,-90.674899
2483,43,106,844,1351,596,-1,42.500116,-90.674915
2484,43,8,826,1051,556,-1,42.500115,-90.674927
2485,43,0,771,683,564,-1,42.500114,-90.674937
2486,43,5,742,331,482,-1,42.500117,-90.674952
2518,44,0,1127,626,773,-1,42.500095,-90.674913
2519,44,26,1021,1159,891,-1,42.500097,-90.674905
2541,45,2097,989,442,435,-1,42.500144,-90.674849
2542,45,1827,936,713,469,-1,42.500143,-90.674855
2543,45,1567,876,975,516,-1,42.500141,-90.674861
2545,46,1055,870,1263,528,-1,42.500134,-90.674878
2546,46,771,830,1253,542,-1,42.500130,-90.674892
2547,46,475,778,1256,593,-1,42.500125,-90.674905
2548,46,137,762,1294,573,-1,42.500121,-90.674919
2549,46,26,753,1156,548,-1,42.500120,-90.674929
2550,46,33,729,878,543,-1,42.500120,-90.674936
2551,46,0,711,617,534,-1,42.500118,-90.674944
2557,47,2334,1090,222,302,-1,42.500149,-90.674842
2558,47,2086,1010,462,399,-1,42.500145,-90.674848
2559,47,1809,994,739,408,-1,42.500143,-90.674855
2560,47,1513,960,1002,429,-1,42.500140,-90.674863
2561,47,1216,925,1264,450,-1,42.500138,-90.674871
2562,47,962,890,1234,474,-1,42.500134,-90.674884
2563,47,687,874,1227,477,-1,42.500130,-90.674897
2564,47,373,860,1232,465,-1,42.500126,-90.674911
2565,47,74,855,1223,441,-1,42.500122,-90.674926
2566,47,0,820,1041,441,-1,42.500121,-90.674935
2567,47,8,797,720,444,-1,42.500120,-90.674942
2568,47,7,747,429,478,-1,42.500118,-90.674950
2589,49,2178,1073,373,373,-1,42.500143,-90.674847
2590,49,1885,997,666,421,-1,42.500142,-90.674853
2591,49,1597,993,947,443,-1,42.500138,-90.674861
2592,48,1267,948,44,468,-1,42.500125,-90.674895
2592,49,1257,958,1166,458,-1,42.500135,-90.674871
2593,49,918,924,1385,472,-1,42.500132,-90.674882
2594,49,616,889,1342,483,-1,42.500128,-90.674897
2595,49,284,861,1337,480,-1,42.500124,-90.674912
2596,49,33,831,1233,472,-1,42.500121,-90.674927
2597,49,20,791,932,465,-1,42.500121,-90.674936
2598,49,0,751,654,491,-1,42.500119,-90.674944
2599,49,0,766,338,387,-1,42.500121,-90.674958
2618,50,2069,1006,476,455,-1,42.500141,-90.674850
2619,50,1721,986,830,460,-1,42.500139,-90.674857
2620,50,1409,939,1138,495,-1,42.500136,-90.674865
2621,50,1026,908,1182,504,-1,42.500131,-90.674881
2622,50,641,842,1204,543,-1,42.500126,-90.674898
2623,50,264,839,1205,499,-1,42.500123,-90.674916
2624,50,0,811,1101,478,-1,42.500120,-90.674932
2625,50,4,741,725,538,-1,42.500117,-90.674940
2626,50,2,728,397,499,-1,42.500118,-90.674950
2693,51,1915,948,636,512,-1,42.500139,-90.674853
2694,51,1579,879,959,552,-1,42.500138,-90.674861
2695,51,1204,848,1243,582,-1,42.500134,-90.674872
2696,51,829,817,1528,613,-1,42.500130,-90.674882
2697,51,467,773,1531,613,-1,42.500126,-90.674899
2698,51,40,752,1564,591,-1,42.500122,-90.674917
2699,51,29,738,1199,594,-1,42.500119,-90.674926
2700,51,4,726,853,565,-1,42.500118,-90.674936
2701,51,5,698,502,536,-1,42.500118,-90.674947
2708,54,2088,993,453,473,-1,42.500140,-90.674849
2709,54,1785,970,759,470,-1,42.500140,-90.674856
2710,54,1802,972,742,471,-1,42.500139,-90.674856
2711,52,1119,903,1165,504,-1,42.500133,-90.674878
2711,54,1820,975,725,473,-1,42.500139,-90.674855
2712,52,747,849,1203,541,-1,42.500128,-90.674894
2712,54,1838,977,708,474,-1,42.500139,-90.674855
2713,52,402,826,1182,555,-1,42.500122,-90.674909
2713,54,1856,980,691,475,-1,42.500139,-90.674854
2714,52,42,798,1208,501,-1,42.500121,-90.674927
2714,54,1874,982,674,476,-1,42.500139,-90.674854
2715,52,0,748,897,527,-1,42.500119,-90.674937
2715,54,1891,984,657,477,-1,42.500139,-90.674854
2716,52,0,709,565,531,-1,42.500118,-90.674946
2716,54,1909,987,640,478,-1,42.500139,-90.674853
2717,54,1927,989,623,480,-1,42.500139,-90.674853
2718,54,1945,992,606,481,-1,42.500139,-90.674852
2719,54,1963,994,589,482,-1,42.500139,-90.674852
2720,54,1981,997,572,483,-1,42.500138,-90.674852
2721,54,1998,999,555,484,-1,42.500138,-90.674851
2722,54,2016,1002,538,485,-1,42.500138,-90.674851
2723,53,0,1125,517,762,-1,42.500094,-90.674915
2723,54,2034,1004,521,487,-1,42.500138,-90.674850
2724,54,2052,1007,503,488,-1,42.500138,-90.674850
2725,54,2070,1009,486,489,-1,42.500138,-90.674850
2726,54,2088,1012,469,490,-1,42.500138,-90.674849
2727,54,2105,1014,452,491,-1,42.500138,-90.674849
2728,54,1791,990,711,496,-1,42.500136,-90.674857
2729,54,1476,966,969,502,-1,42.500134,-90.674865
2730,54,1161,942,1228,507,-1,42.500132,-90.674874
2731,54,827,882,1230,540,-1,42.500128,-90.674889
2732,54,448,860,1275,546,-1,42.500123,-90.674904
2733,54,133,837,1232,545,-1,42.500118,-90.674919
2734,54,0,820,1049,517,-1,42.500117,-90.674930
2735,54,0,756,725,555,-1,42.500116,-90.674938
2736,54,10,715,387,533,-1,42.500116,-90.674948
2928,55,1302,318,83,64,-1,42.500621,-90.675114
2929,55,1303,320,78,65,-1,42.500609,-90.675110
2930,55,1302,320,77,68,-1,42.500598,-90.675105
2931,55,1304,329,86,68,-1,42.500571,-90.675091
2932,55,1307,327,80,73,-1,42.500562,-90.675086
2933,55,1304,324,83,79,-1,42.500552,-90.675083
2934,55,1311,333,80,72,-1,42.500548,-90.675079
2935,55,1312,334,74,75,-1,42.500537,-90.675075
2936,55,1311,334,78,77,-1,42.500531,-90.675072
2937,55,1309,331,82,87,-1,42.500513,-90.675064
2938,55,1307,335,84,85,-1,42.500508,-90.675062
2939,55,1307,339,90,85,-1,42.500500,-90.675057
2940,55,1305,338,92,91,-1,42.500488,-90.675052
2941,55,1303,337,98,98,-1,42.500475,-90.675047
2942,55,1276,336,122,96,-1,42.500478,-90.675052
2943,55,1310,345,97,91,-1,42.500475,-90.675045
2944,55,1311,346,96,98,-1,42.500459,-90.675038
2945,55,1309,352,102,93,-1,42.500458,-90.675037
2946,55,1310,362,98,87,-1,42.500450,-90.675033
2947,55,1311,360,98,94,-1,42.500441,-90.675029
2948,55,1311,362,102,96,-1,42.500435,-90.675026
2949,55,1311,367,106,94,-1,42.500430,-90.675024
2950,55,1314,360,105,105,-1,42.500424,-90.675020
2951,55,1315,368,112,96,-1,42.500427,-90.675020
2952,55,1317,369,113,103,-1,42.500415,-90.675014
2953,55,1312,370,121,103,-1,42.500413,-90.675014
2954,55,1326,370,110,109,-1,42.500406,-90.675009
2955,55,1328,379,114,101,-1,42.500405,-90.675008
2956,55,1325,385,118,102,-1,42.500395,-90.675004
2957,55,1328,388,120,102,-1,42.500392,-90.675001
2958,55,1333,386,119,107,-1,42.500389,-90.674999
2959,55,1334,389,125,110,-1,42.500382,-90.674995
2960,55,1335,391,121,112,-1,42.500377,-90.674993
2961,55,1339,397,128,116,-1,42.500366,-90.674987
2962,55,1341,398,127,118,-1,42.500363,-90.674986
2963,55,1342,401,133,122,-1,42.500356,-90.674982
2964,55,1347,403,136,122,-1,42.500355,-90.674980
2965,55,1345,404,144,131,-1,42.500345,-90.674976
2966,55,1349,405,146,140,-1,42.500336,-90.674972
2967,55,1354,404,146,151,-1,42.500328,-90.674967
2968,55,1354,405,149,146,-1,42.500332,-90.674969
2969,55,1362,412,151,147,-1,42.500326,-90.674965
2970,55,1358,416,161,145,-1,42.500324,-90.674964
2971,55,1358,421,166,151,-1,42.500315,-90.674960
2972,55,1359,424,174,160,-1,42.500307,-90.674956
2973,55,1368,431,165,153,-1,42.500307,-90.674956
2974,55,1373,426,166,164,-1,42.500304,-90.674953
2975,55,1367,426,175,165,-1,42.500303,-90.674953
2976,55,1369,427,178,176,-1,42.500295,-90.674950
2977,55,1379,438,180,171,-1,42.500292,-90.674947
2978,55,1380,438,181,181,-1,42.500286,-90.674944
2979,55,1381,445,176,189,-1,42.500277,-90.674941
2980,55,1387,446,174,194,-1,42.500274,-90.674940
2981,55,1386,451,185,200,-1,42.500268,-90.674937
2982,55,1383,452,188,198,-1,42.500269,-90.674937
2982,56,2336,1128,219,336,-1,42.500143,-90.674843
2983,55,1388,455,186,199,-1,42.500267,-90.674936
2983,56,2014,1035,534,447,-1,42.500139,-90.674851
2984,55,1384,457,197,200,-1,42.500265,-90.674935
2984,56,1682,996,864,456,-1,42.500138,-90.674859
2985,55,1386,465,200,193,-1,42.500265,-90.674935
2985,56,1295,958,1077,477,-1,42.500134,-90.674871
2986,55,1395,466,196,193,-1,42.500265,-90.674934
2986,56,908,919,1291,499,-1,42.500130,-90.674884
2987,55,1398,471,201,192,-1,42.500264,-90.674932
2987,56,524,865,1267,521,-1,42.500125,-90.674902
2987,57,0,1512,970,384,-1,42.500097,-90.674909
2988,55,1397,475,205,196,-1,42.500260,-90.674931
2988,56,171,838,1231,511,-1,42.500121,-90.674919
2988,57,0,1033,604,875,-1,42.500094,-90.674913
2989,55,1399,474,214,206,-1,42.500256,-90.674929
2989,57,10,828,1044,423,-1,42.500122,-90.674935
2990,55,1401,477,217,209,-1,42.500254,-90.674928
2991,55,1398,479,223,220,-1,42.500248,-90.674926
2992,55,1402,479,216,220,-1,42.500248,-90.674926
2993,55,1411,481,224,222,-1,42.500247,-90.674924
2994,55,1413,484,229,223,-1,42.500246,-90.674923
2995,55,1415,488,238,234,-1,42.500240,-90.674920
2996,55,1412,491,244,233,-1,42.500239,-90.674920
2997,55,1415,495,245,237,-1,42.500236,-90.674919
2998,55,1414,498,259,244,-1,42.500233,-90.674917
2999,55,1426,507,255,245,-1,42.500230,-90.674915
3000,55,1424,514,265,249,-1,42.500226,-90.674913
3001,55,1422,520,272,251,-1,42.500224,-90.674912
3001,58,2061,1010,493,420,-1,42.500143,-90.674849
3002,55,1433,514,269,261,-1,42.500223,-90.674911
3002,58,1725,991,813,425,-1,42.500141,-90.674858
3003,55,1425,523,287,265,-1,42.500219,-90.674910
3003,58,1358,959,1066,442,-1,42.500137,-90.674869
3004,55,1431,521,306,288,-1,42.500214,-90.674907
3004,58,991,928,1319,458,-1,42.500134,-90.674880
3005,55,1442,529,296,283,-1,42.500213,-90.674906
3005,58,656,900,1279,464,-1,42.500129,-90.674897
3006,55,1447,534,298,283,-1,42.500212,-90.674905
3006,58,277,868,1289,475,-1,42.500123,-90.674913
3007,55,1446,536,298,289,-1,42.500210,-90.674904
3007,58,16,829,1152,451,-1,42.500121,-90.674930
3008,55,1448,540,299,286,-1,42.500210,-90.674904
3008,58,12,804,786,453,-1,42.500119,-90.674940
3009,55,1453,543,301,289,-1,42.500208,-90.674903
3009,58,7,739,450,485,-1,42.500118,-90.674949
3010,55,1459,548,304,289,-1,42.500207,-90.674902
3011,55,1478,547,289,304,-1,42.500204,-90.674900
3012,55,1479,560,294,299,-1,42.500202,-90.674899
3013,55,1481,559,296,308,-1,42.500201,-90.674899
3014,55,1475,561,300,308,-1,42.500200,-90.674899
3015,55,1468,568,311,305,-1,42.500199,-90.674899
3016,55,1471,570,308,310,-1,42.500197,-90.674898
3017,55,1475,570,307,310,-1,42.500198,-90.674898
3018,55,1473,574,310,311,-1,42.500196,-90.674898
3019,55,1471,571,317,315,-1,42.500196,-90.674897
3020,55,1474,574,309,310,-1,42.500197,-90.674898
3021,55,1471,569,312,316,-1,42.500196,-90.674898
3022,55,1473,571,311,316,-1,42.500196,-90.674897
3023,55,1472,571,309,317,-1,42.500196,-90.674898
3024,55,1473,571,309,316,-1,42.500196,-90.674897
3025,55,1473,575,305,313,-1,42.500196,-90.674898
3026,55,1472,575,305,312,-1,42.500196,-90.674898
3027,55,1472,576,304,311,-1,42.500196,-90.674898
3028,55,1472,575,305,312,-1,42.500196,-90.674898
3029,55,1472,576,307,313,-1,42.500195,-90.674898
3030,55,1471,575,309,313,-1,42.500196,-90.674898
3031,55,1471,576,308,313,-1,42.500195,-90.674898
3032,55,1471,576,308,313,-1,42.500195,-90.674898
3033,55,1471,576,308,312,-1,42.500196,-90.674898
3034,55,1471,576,308,313,-1,42.500195,-90.674898
3035,55,1471,572,308,317,-1,42.500195,-90.674898
3036,55,1471,572,309,318,-1,42.500195,-90.674897
3037,55,1471,572,309,317,-1,42.500195,-90.674898
3038,55,1471,573,308,316,-1,42.500195,-90.674898
3039,55,1471,573,309,316,-1,42.500195,-90.674898
3040,55,1472,572,308,317,-1,42.500195,-90.674897
3041,55,1472,573,308,316,-1,42.500195,-90.674897
3042,55,1472,572,308,317,-1,42.500195,-90.674897
3043,55,1471,573,308,317,-1,42.500195,-90.674898
3044,55,1471,573,309,317,-1,42.500195,-90.674897
3045,55,1471,573,309,317,-1,42.500195,-90.674897
3046,55,1471,573,308,317,-1,42.500195,-90.674898
3047,55,1471,572,309,317,-1,42.500195,-90.674898
3048,55,1471,572,309,317,-1,42.500195,-90.674898
3049,55,1471,573,309,316,-1,42.500195,-90.674898
3050,55,1471,573,309,317,-1,42.500195,-90.674897
3051,55,1471,573,309,317,-1,42.500195,-90.674897
3052,55,1471,572,308,318,-1,42.500195,-90.674898
3053,55,1470,572,310,318,-1,42.500195,-90.674898
3054,55,1468,570,312,321,-1,42.500195,-90.674898
3055,55,1469,572,310,319,-1,42.500195,-90.674898
3056,55,1467,575,313,318,-1,42.500194,-90.674897
3057,55,1467,572,319,323,-1,42.500194,-90.674897
3058,55,1472,570,311,327,-1,42.500194,-90.674897
3059,55,1472,574,320,327,-1,42.500193,-90.674896
3060,55,1475,568,316,336,-1,42.500192,-90.674896
3061,55,1464,570,328,338,-1,42.500191,-90.674896
3062,55,1462,573,332,338,-1,42.500191,-90.674896
3063,55,1461,572,330,339,-1,42.500191,-90.674896
3064,55,1468,572,323,344,-1,42.500190,-90.674896
3065,55,1467,579,328,342,-1,42.500189,-90.674895
3065,59,2062,1005,486,489,-1,42.500138,-90.674850
3066,55,1463,577,331,351,-1,42.500187,-90.674895
3066,59,1707,981,847,495,-1,42.500136,-90.674858
3067,55,1460,580,327,351,-1,42.500186,-90.674895
3067,59,1345,942,1200,564,-1,42.500131,-90.674866
3068,55,1475,574,313,334,-1,42.500191,-90.674896
3068,59,988,912,1232,520,-1,42.500130,-90.674882
3069,55,1451,580,340,358,-1,42.500185,-90.674895
3069,59,588,865,1238,559,-1,42.500123,-90.674898
3070,55,1460,585,334,353,-1,42.500185,-90.674895
3070,59,210,829,1262,571,-1,42.500119,-90.674914
3071,55,1456,591,336,371,-1,42.500181,-90.674894
3071,59,0,818,1106,524,-1,42.500117,-90.674928
3072,55,1450,588,344,366,-1,42.500182,-90.674894
3072,59,5,748,743,562,-1,42.500116,-90.674937
3073,55,1443,597,345,375,-1,42.500179,-90.674894
3073,59,1,706,374,527,-1,42.500117,-90.674950
3074,55,1430,601,361,378,-1,42.500177,-90.674894
3075,55,1424,603,361,386,-1,42.500175,-90.674894
3076,55,1407,613,360,381,-1,42.500174,-90.674895
3077,55,1402,605,362,395,-1,42.500173,-90.674895
3078,55,1381,611,383,400,-1,42.500171,-90.674895
3079,55,1345,623,414,402,-1,42.500168,-90.674896
3080,55,1319,625,438,412,-1,42.500166,-90.674896
3081,55,1284,621,468,439,-1,42.500162,-90.674896
3082,55,1237,634,521,448,-1,42.500159,-90.674897
3083,55,1213,643,524,438,-1,42.500158,-90.674898
3084,55,1178,644,570,447,-1,42.500157,-90.674898
3085,55,1125,657,604,441,-1,42.500155,-90.674900
3086,55,1062,653,657,462,-1,42.500152,-90.674901
3087,55,995,648,710,480,-1,42.500150,-90.674903
3088,55,939,652,750,488,-1,42.500147,-90.674904
3089,55,871,646,817,507,-1,42.500145,-90.674906
3090,55,775,652,882,515,-1,42.500142,-90.674908
3091,55,720,655,887,535,-1,42.500139,-90.674910
3092,55,640,659,952,518,-1,42.500139,-90.674913
3093,55,525,680,1036,518,-1,42.500136,-90.674915
3094,55,375,680,1134,526,-1,42.500133,-90.674919
3095,55,287,712,1218,499,-1,42.500132,-90.674921
3096,55,177,695,1268,518,-1,42.500130,-90.674925
3097,55,40,681,1287,529,-1,42.500128,-90.674931
3098,55,3,668,1286,539,-1,42.500127,-90.674933
3099,55,0,683,1198,515,-1,42.500127,-90.674936
3100,55,28,669,1103,499,-1,42.500129,-90.674939
3101,55,0,656,985,499,-1,42.500128,-90.674944
3102,55,19,658,827,492,-1,42.500127,-90.674947
3103,55,0,656,731,483,-1,42.500126,-90.674951
3104,55,2,678,605,478,-1,42.500124,-90.674952
3105,55,2,676,474,468,-1,42.500123,-90.674956
3106,55,3,719,370,380,-1,42.500126,-90.674962
3135,60,15,1009,1227,899,-1,42.500098,-90.674904
3136,60,125,1043,1650,854,-1,42.500101,-90.674895
3137,60,235,1078,2073,809,-1,42.500105,-90.674886
3138,60,872,1127,864,789,-1,42.500105,-90.674885
3163,61,2142,1035,411,421,-1,42.500142,-90.674848
3164,61,1830,1001,709,423,-1,42.500141,-90.674855
3165,61,1524,988,968,430,-1,42.500138,-90.674863
3166,61,1217,975,1228,438,-1,42.500135,-90.674872
3167,61,897,926,1211,462,-1,42.500131,-90.674887
3168,61,556,894,1212,475,-1,42.500126,-90.674902
3169,61,227,866,1199,479,-1,42.500122,-90.674917
3170,61,0,858,1093,446,-1,42.500119,-90.674931
3171,61,4,816,761,446,-1,42.500119,-90.674940
3172,61,6,770,426,473,-1,42.500117,-90.674948
3177,62,2210,1032,337,405,-1,42.500144,-90.674846
3178,62,1926,956,623,451,-1,42.500144,-90.674852
3179,62,1632,911,924,475,-1,42.500142,-90.674859
3180,62,1349,895,1208,509,-1,42.500138,-90.674866
3181,62,1021,867,1246,514,-1,42.500134,-90.674881
3182,62,694,828,1276,529,-1,42.500130,-90.674895
3183,62,358,821,1262,502,-1,42.500126,-90.674911
3184,62,19,753,1285,542,-1,42.500122,-90.674927
3185,62,20,740,975,523,-1,42.500121,-90.674935
3186,62,0,720,679,520,-1,42.500119,-90.674944
3187,62,0,690,368,465,-1,42.500122,-90.674957
3201,63,2012,886,537,505,-1,42.500146,-90.674850
3202,63,1695,830,850,551,-1,42.500143,-90.674858
3203,63,1390,797,1150,589,-1,42.500140,-90.674866
3204,63,1049,755,1500,647,-1,42.500135,-90.674873
3205,63,748,735,1573,635,-1,42.500133,-90.674886
3206,63,421,685,1578,663,-1,42.500128,-90.674901
3207,63,77,662,1555,666,-1,42.500123,-90.674917
3208,63,0,669,1316,616,-1,42.500122,-90.674927
3209,63,3,626,1019,602,-1,42.500123,-90.674937
3210,63,0,618,730,587,-1,42.500122,-90.674945
3211,63,0,712,426,373,-1,42.500127,-90.674963
3216,64,5,1039,934,879,-1,42.500096,-90.674908
3218,65,0,1115,2313,784,-1,42.500103,-90.674889
3219,65,501,1170,1992,739,-1,42.500107,-90.674879
3220,66,1228,1245,106,672,-1,42.500104,-90.674885
3487,67,7,1081,392,750,-1,42.500095,-90.674919
3489,68,0,1044,1443,851,-1,42.500099,-90.674902
3490,68,283,1057,1448,849,-1,42.500102,-90.674894
3491,68,566,1071,1452,847,-1,42.500104,-90.674885
3492,68,1186,1121,229,798,-1,42.500104,-90.674885
3494,69,2166,1223,387,665,-1,42.500118,-90.674851
3518,70,2109,867,436,236,-1,42.500181,-90.674843
3519,70,2030,840,510,264,-1,42.500179,-90.674846
3520,70,1951,812,583,292,-1,42.500178,-90.674849
3521,70,1872,784,656,320,-1,42.500177,-90.674852
3522,70,1816,759,701,308,-1,42.500181,-90.674854
3523,70,1756,746,667,295,-1,42.500183,-90.674859
3524,70,1703,745,616,254,-1,42.500188,-90.674865
3525,70,1672,717,571,256,-1,42.500191,-90.674869
3526,70,1616,706,556,234,-1,42.500195,-90.674874
3527,70,1578,675,521,240,-1,42.500199,-90.674879
3528,70,1546,665,494,228,-1,42.500202,-90.674884
3529,70,1530,648,450,220,-1,42.500206,-90.674888
3530,70,1518,638,407,207,-1,42.500211,-90.674892
3531,70,1503,628,381,199,-1,42.500214,-90.674896
3532,70,1505,610,349,196,-1,42.500220,-90.674898
3533,70,1498,604,321,181,-1,42.500225,-90.674902
3534,70,1479,594,297,168,-1,42.500231,-90.674907
3535,70,1469,578,275,166,-1,42.500236,-90.674910
3536,70,1459,564,259,170,-1,42.500239,-90.674913
3537,70,1444,554,254,165,-1,42.500244,-90.674917
3538,70,1428,544,247,157,-1,42.500250,-90.674921
3539,70,1427,531,226,162,-1,42.500253,-90.674923
3540,70,1429,522,204,159,-1,42.500257,-90.674926
3541,70,1421,514,206,155,-1,42.500263,-90.674929
3542,70,1416,510,189,150,-1,42.500266,-90.674932
3543,70,1410,497,178,148,-1,42.500273,-90.674936
3544,70,1399,487,178,155,-1,42.500274,-90.674938
3545,70,1403,482,159,137,-1,42.500287,-90.674943
3546,70,1404,478,152,128,-1,42.500295,-90.674946
3547,70,1403,471,145,121,-1,42.500304,-90.674950
3548,70,1402,464,138,119,-1,42.500310,-90.674953
3549,70,1401,459,132,115,-1,42.500317,-90.674956
3550,72,1385,454,138,106,-1,42.500327,-90.674962
3551,72,1389,444,125,107,-1,42.500334,-90.674965
3552,72,1386,444,124,96,-1,42.500344,-90.674970
3553,72,1385,437,121,97,-1,42.500350,-90.674972
3554,72,1391,439,109,85,-1,42.500360,-90.674976
3555,72,1384,425,115,88,-1,42.500372,-90.674982
3556,72,1368,421,138,88,-1,42.500376,-90.674984
3557,72,1374,413,125,90,-1,42.500383,-90.674987
3558,72,1368,412,137,86,-1,42.500390,-90.674990
3559,72,1366,405,124,91,-1,42.500391,-90.674992
3560,72,1365,403,119,85,-1,42.500401,-90.674997
3561,71,2070,981,470,533,-1,42.500137,-90.674850
3561,72,1371,400,102,78,-1,42.500415,-90.675003
3562,71,1687,929,864,537,-1,42.500137,-90.674858
3562,72,1365,394,109,79,-1,42.500422,-90.675006
3563,71,1315,871,1189,587,-1,42.500134,-90.674868
3563,72,1358,388,109,80,-1,42.500429,-90.675011
3564,71,892,821,1582,653,-1,42.500129,-90.674877
3564,72,1360,383,101,80,-1,42.500437,-90.675014
3565,71,465,786,1625,647,-1,42.500124,-90.674895
3565,72,1355,381,102,76,-1,42.500446,-90.675019
3566,71,53,776,1661,614,-1,42.500120,-90.674913
3566,72,1349,379,106,75,-1,42.500451,-90.675022
3567,71,30,722,1148,635,-1,42.500117,-90.674925
3567,72,1351,377,97,71,-1,42.500461,-90.675027
3568,71,0,691,860,618,-1,42.500117,-90.674935
3568,72,1345,370,101,71,-1,42.500474,-90.675034
3569,71,9,744,453,506,-1,42.500117,-90.674947
3569,72,1354,368,87,72,-1,42.500477,-90.675034
3570,72,1356,365,85,66,-1,42.500497,-90.675042
3571,72,1356,362,81,67,-1,42.500501,-90.675044
3572,72,1355,359,78,67,-1,42.500507,-90.675048
3573,72,1352,357,76,63,-1,42.500521,-90.675054
3574,72,1347,354,77,64,-1,42.500525,-90.675057
3575,72,1351,353,71,60,-1,42.500538,-90.675063
3576,72,1343,350,82,60,-1,42.500546,-90.675067
3577,72,1345,348,82,56,-1,42.500564,-90.675074
3578,72,1344,346,84,55,-1,42.500573,-90.675078
3579,72,1337,343,104,57,-1,42.500577,-90.675078
3580,72,1329,342,113,55,-1,42.500586,-90.675083
3581,72,1335,342,89,48,-1,42.500607,-90.675094
3582,72,1333,333,83,52,-1,42.500624,-90.675103
3583,72,1326,326,91,60,-1,42.500619,-90.675102
3584,72,1325,324,56,50,-1,42.500658,-90.675127
3590,73,0,1079,498,800,-1,42.500095,-90.674916
3591,74,0,958,1079,7,-1,42.500146,-90.674960
3592,75,0,977,1702,913,-1,42.500100,-90.674898
3593,75,51,1031,2186,885,-1,42.500103,-90.674889
3594,75,559,1068,1971,833,-1,42.500108,-90.674878
3631,76,1858,975,687,492,-1,42.500138,-90.674855
3632,76,1530,937,933,526,-1,42.500135,-90.674864
3633,76,1202,899,1179,559,-1,42.500131,-90.674873
3634,76,831,839,1236,608,-1,42.500126,-90.674888
3635,76,453,824,1247,583,-1,42.500122,-90.674904
3636,76,74,740,1290,637,-1,42.500118,-90.674920
3637,76,19,736,982,593,-1,42.500117,-90.674931
3638,76,0,732,680,557,-1,42.500116,-90.674940
3639,76,0,702,352,467,-1,42.500121,-90.674956
3661,77,2319,1109,238,279,-1,42.500149,-90.674842
3662,77,2009,1024,538,389,-1,42.500144,-90.674850
3663,77,1711,1006,829,395,-1,42.500142,-90.674858
3664,77,1387,966,1136,423,-1,42.500139,-90.674866
3665,77,1041,933,1184,429,-1,42.500135,-90.674881
3666,77,713,901,1160,436,-1,42.500130,-90.674898
3667,77,381,857,1141,450,-1,42.500126,-90.674914
3668,77,43,843,1145,421,-1,42.500123,-90.674930
3669,77,0,795,863,446,-1,42.500121,-90.674940
3670,77,0,752,534,457,-1,42.500120,-90.674949
3671,77,0,797,214,338,-1,42.500121,-90.674962
3705,78,0,1023,669,870,-1,42.500095,-90.674913
3706,78,22,1055,1181,849,-1,42.500098,-90.674905
3707,78,409,1102,1064,803,-1,42.500101,-90.674896
3708,78,796,1150,947,758,-1,42.500104,-90.674886
3709,78,1184,1197,830,712,-1,42.500108,-90.674876
3710,78,1571,1245,713,666,-1,42.500112,-90.674865
3711,78,1958,1292,596,620,-1,42.500116,-90.674854
3816,79,2024,906,522,483,-1,42.500146,-90.674850
3817,79,1707,879,848,510,-1,42.500143,-90.674858
3818,79,1407,851,1149,564,-1,42.500138,-90.674865
3819,79,1125,822,1422,586,-1,42.500136,-90.674871
3820,79,718,786,1662,592,-1,42.500132,-90.674885
3821,79,451,758,1535,587,-1,42.500129,-90.674901
3822,79,127,735,1520,581,-1,42.500124,-90.674916
3823,79,0,711,1255,569,-1,42.500122,-90.674929
3824,79,3,663,1009,583,-1,42.500122,-90.674936
3825,79,7,644,653,571,-1,42.500121,-90.674946
3826,79,0,722,372,381,-1,42.500125,-90.674962
3836,80,1850,918,702,531,-1,42.500140,-90.674854
3837,80,1528,886,1028,586,-1,42.500135,-90.674862
3838,80,1176,855,1288,606,-1,42.500132,-90.674872
3839,80,844,831,1292,585,-1,42.500129,-90.674887
3840,80,502,801,1308,590,-1,42.500125,-90.674902
3841,80,192,739,1290,618,-1,42.500121,-90.674916
3842,80,0,721,1154,588,-1,42.500119,-90.674929
3843,80,0,711,882,581,-1,42.500118,-90.674936
3844,80,0,688,524,568,-1,42.500117,-90.674945
3864,82,1993,973,559,483,-1,42.500140,-90.674851
3865,81,1639,961,907,495,-1,42.500137,-90.674860
3865,82,1997,973,554,484,-1,42.500140,-90.674851
3866,81,1256,905,1144,514,-1,42.500135,-90.674872
3866,82,2002,973,548,486,-1,42.500140,-90.674851
3867,81,840,838,1160,549,-1,42.500129,-90.674890
3867,82,2007,973,543,487,-1,42.500140,-90.674851
3868,81,489,850,1108,507,-1,42.500125,-90.674908
3868,82,2012,973,538,489,-1,42.500140,-90.674851
3869,81,56,796,1125,495,-1,42.500121,-90.674929
3869,82,2017,973,532,490,-1,42.500140,-90.674851
3870,81,0,755,886,516,-1,42.500119,-90.674937
3870,82,2022,973,527,492,-1,42.500140,-90.674851
3871,81,0,718,467,515,-1,42.500118,-90.674948
3871,82,2027,973,522,493,-1,42.500140,-90.674850
3872,82,2031,973,516,495,-1,42.500140,-90.674850
3873,82,2036,973,511,496,-1,42.500140,-90.674850
3874,82,2041,974,506,498,-1,42.500140,-90.674850
3875,82,2046,974,500,499,-1,42.500140,-90.674850
3876,82,2051,974,495,501,-1,42.500139,-90.674850
3877,82,2056,974,490,502,-1,42.500139,-90.674850
3878,82,2060,974,484,503,-1,42.500139,-90.674850
3879,82,2065,974,479,505,-1,42.500139,-90.674850
3880,82,2070,974,473,506,-1,42.500139,-90.674850
3881,82,2075,974,468,508,-1,42.500139,-90.674850
3882,82,2080,974,463,509,-1,42.500139,-90.674850
3883,82,2085,974,457,511,-1,42.500139,-90.674849
3884,82,2090,974,452,512,-1,42.500139,-90.674849
3885,82,2094,974,447,514,-1,42.500139,-90.674849
3886,82,1762,908,774,529,-1,42.500139,-90.674857
3887,82,1399,873,1086,569,-1,42.500135,-90.674866
3888,82,1037,838,1397,609,-1,42.500131,-90.674876
3889,82,585,806,1476,604,-1,42.500126,-90.674894
3890,82,195,752,1447,623,-1,42.500121,-90.674912
3891,82,18,725,1203,590,-1,42.500120,-90.674927
3892,82,1,700,883,575,-1,42.500119,-90.674937
3893,82,0,657,496,569,-1,42.500118,-90.674948
