84,1,0,1159,2092,735,-1,42.499178,-90.680741
85,1,739,1126,1755,774,-1,42.499179,-90.680722
85,2,266,1241,1055,660,-1,42.499177,-90.680750
86,1,1222,1130,1312,762,-1,42.499179,-90.680713
86,2,743,1236,1056,662,-1,42.499178,-90.680734
87,2,1238,1136,1307,777,-1,42.499179,-90.680713
180,3,2201,826,350,521,-1,42.499206,-90.680683
181,3,2120,824,426,516,-1,42.499207,-90.680685
182,3,2033,827,514,516,-1,42.499206,-90.680687
191,4,1239,814,1207,584,-1,42.499201,-90.680710
192,4,1139,811,1223,589,-1,42.499201,-90.680714
193,4,1043,820,1245,575,-1,42.499201,-90.680718
194,4,940,830,1257,550,-1,42.499201,-90.680723
195,4,820,837,1318,562,-1,42.499200,-90.680727
196,4,731,834,1280,580,-1,42.499199,-90.680732
197,4,607,839,1323,585,-1,42.499198,-90.680737
198,4,519,842,1291,602,-1,42.499196,-90.680741
199,4,415,849,1325,604,-1,42.499196,-90.680745
200,4,307,837,1324,652,-1,42.499193,-90.680749
201,4,167,871,1374,628,-1,42.499193,-90.680754
202,4,99,851,1334,703,-1,42.499190,-90.680757
203,4,25,876,1340,709,-1,42.499188,-90.680759
204,4,0,843,1274,822,-1,42.499185,-90.680760
205,4,16,876,1151,807,-1,42.499184,-90.680761
206,4,2,857,1010,845,-1,42.499183,-90.680764
207,4,0,906,945,788,-1,42.499183,-90.680765
208,4,23,926,804,780,-1,42.499182,-90.680767
209,4,0,971,688,748,-1,42.499182,-90.680769
210,4,3,1041,544,686,-1,42.499181,-90.680772
211,4,13,1092,385,669,-1,42.499180,-90.680773
267,5,17,1257,682,644,-1,42.499176,-90.680765
268,5,17,1214,740,704,-1,42.499175,-90.680763
269,5,19,1212,1068,705,-1,42.499176,-90.680758
270,5,0,1224,1509,687,-1,42.499176,-90.680751
298,6,463,1674,1235,234,-1,42.499177,-90.680740
299,6,528,1640,1208,268,-1,42.499177,-90.680738
300,6,565,1601,1398,312,-1,42.499177,-90.680734
301,6,646,1570,1383,346,-1,42.499177,-90.680731
302,6,571,1536,1788,364,-1,42.499178,-90.680727
303,6,586,1503,1843,396,-1,42.499178,-90.680726
304,6,700,1473,1753,432,-1,42.499178,-90.680723
305,6,961,1461,1580,450,-1,42.499179,-90.680717
451,7,2193,768,361,427,-1,42.499218,-90.680678
452,7,2135,756,408,492,-1,42.499213,-90.680682
453,7,2087,759,459,483,-1,42.499214,-90.680683
454,7,2028,755,521,497,-1,42.499213,-90.680685
455,7,1974,755,579,489,-1,42.499213,-90.680686
456,7,1920,756,636,481,-1,42.499214,-90.680687
457,7,1894,769,656,472,-1,42.499213,-90.680688
458,7,1841,761,714,498,-1,42.499212,-90.680690
459,7,1788,760,769,503,-1,42.499211,-90.680691
460,7,1761,763,785,490,-1,42.499212,-90.680692
461,7,1740,768,804,490,-1,42.499212,-90.680693
462,7,1721,760,829,500,-1,42.499211,-90.680693
463,7,1709,764,833,495,-1,42.499212,-90.680694
464,7,1700,773,846,486,-1,42.499212,-90.680694
465,7,1692,775,851,484,-1,42.499211,-90.680694
466,7,1671,776,874,491,-1,42.499211,-90.680695
467,7,1659,772,886,492,-1,42.499211,-90.680695
468,7,1622,753,929,505,-1,42.499211,-90.680696
469,7,1617,754,929,506,-1,42.499211,-90.680696
470,7,1594,764,952,500,-1,42.499211,-90.680697
471,7,1568,765,979,501,-1,42.499211,-90.680697
472,7,1545,769,1006,500,-1,42.499210,-90.680698
473,7,1523,773,1034,499,-1,42.499210,-90.680698
474,7,1517,771,1027,503,-1,42.499210,-90.680699
475,7,1502,765,1048,516,-1,42.499210,-90.680699
476,7,1482,775,1075,477,-1,42.499212,-90.680699
477,7,1431,781,1125,473,-1,42.499211,-90.680700
478,7,1343,764,1146,505,-1,42.499210,-90.680705
479,7,1261,764,1173,500,-1,42.499210,-90.680708
480,7,1239,766,1155,520,-1,42.499208,-90.680710
481,7,1162,776,1173,502,-1,42.499209,-90.680714
482,7,1121,775,1142,500,-1,42.499209,-90.680716
483,7,1057,771,1177,505,-1,42.499208,-90.680719
484,7,956,780,1203,511,-1,42.499207,-90.680723
485,7,859,781,1236,510,-1,42.499207,-90.680727
486,7,774,789,1191,510,-1,42.499206,-90.680733
487,7,657,791,1192,506,-1,42.499206,-90.680739
488,7,571,781,1231,532,-1,42.499204,-90.680742
489,7,466,792,1223,525,-1,42.499204,-90.680747
490,7,334,787,1244,530,-1,42.499203,-90.680753
491,7,249,802,1381,513,-1,42.499203,-90.680754
492,7,117,804,1233,545,-1,42.499200,-90.680763
493,7,24,824,1224,506,-1,42.499201,-90.680768
494,7,0,820,1078,515,-1,42.499201,-90.680773
495,7,22,813,924,499,-1,42.499202,-90.680777
495,8,2370,803,188,326,-1,42.499224,-90.680670
496,7,22,792,828,520,-1,42.499202,-90.680779
496,8,2330,801,222,326,-1,42.499224,-90.680671
497,7,13,837,687,478,-1,42.499201,-90.680783
497,8,2238,770,308,420,-1,42.499218,-90.680677
498,7,7,848,572,476,-1,42.499201,-90.680785
498,8,2166,732,387,524,-1,42.499213,-90.680681
499,7,0,873,452,365,-1,42.499206,-90.680793
499,8,2095,719,451,512,-1,42.499214,-90.680682
500,8,2016,719,538,518,-1,42.499214,-90.680684
501,8,1916,726,639,519,-1,42.499213,-90.680687
502,8,1831,715,714,529,-1,42.499213,-90.680690
503,8,1747,705,803,537,-1,42.499213,-90.680692
504,8,1640,700,917,472,-1,42.499218,-90.680693
505,8,1533,703,1002,498,-1,42.499216,-90.680697
506,8,1427,706,1087,524,-1,42.499213,-90.680701
507,8,1321,709,1172,551,-1,42.499211,-90.680705
508,8,1199,703,1283,578,-1,42.499209,-90.680709
509,8,1101,729,1242,551,-1,42.499208,-90.680715
510,8,922,716,1372,559,-1,42.499208,-90.680721
511,8,797,714,1325,587,-1,42.499206,-90.680728
512,8,668,715,1360,570,-1,42.499207,-90.680734
513,8,526,703,1346,607,-1,42.499205,-90.680741
514,8,373,752,1463,554,-1,42.499204,-90.680746
515,8,199,737,1402,574,-1,42.499203,-90.680756
516,8,81,745,1351,587,-1,42.499202,-90.680763
517,8,7,740,1539,590,-1,42.499202,-90.680762
518,8,0,705,1126,598,-1,42.499203,-90.680773
519,8,12,741,952,558,-1,42.499203,-90.680777
520,8,3,732,845,587,-1,42.499201,-90.680779
521,8,7,750,706,557,-1,42.499202,-90.680783
522,8,2,752,535,561,-1,42.499201,-90.680787
523,8,0,769,393,439,-1,42.499208,-90.680796
524,8,0,770,222,413,-1,42.499210,-90.680802
524,9,2078,822,474,429,-1,42.499213,-90.680683
525,9,1932,837,612,417,-1,42.499212,-90.680687
526,9,1783,851,776,427,-1,42.499210,-90.680692
527,9,1613,854,933,414,-1,42.499211,-90.680696
528,9,1473,859,1065,423,-1,42.499209,-90.680700
529,9,1306,843,1092,467,-1,42.499207,-90.680709
530,9,1136,845,1093,473,-1,42.499206,-90.680717
531,9,944,843,1105,483,-1,42.499205,-90.680726
532,9,760,848,1143,480,-1,42.499204,-90.680735
533,9,584,848,1129,485,-1,42.499203,-90.680743
534,9,393,865,1119,460,-1,42.499203,-90.680753
535,9,171,875,1203,455,-1,42.499202,-90.680762
536,9,2,876,1185,473,-1,42.499200,-90.680770
537,9,16,906,949,440,-1,42.499200,-90.680775
538,9,9,908,757,437,-1,42.499200,-90.680780
539,9,17,911,535,445,-1,42.499199,-90.680784
539,10,0,1513,378,400,-1,42.499175,-90.680770
540,10,0,1442,852,465,-1,42.499176,-90.680762
541,10,5,1392,1128,521,-1,42.499176,-90.680757
542,10,40,1390,1567,487,-1,42.499178,-90.680749
543,10,132,1436,1808,473,-1,42.499177,-90.680742
544,10,449,1423,1808,467,-1,42.499178,-90.680731
545,10,781,1408,1765,499,-1,42.499179,-90.680720
546,11,2174,847,381,389,-1,42.499214,-90.680680
547,11,2037,840,509,420,-1,42.499212,-90.680685
548,11,1871,859,666,427,-1,42.499210,-90.680690
549,11,1707,854,849,426,-1,42.499210,-90.680694
550,11,1545,855,1006,432,-1,42.499209,-90.680698
551,11,1409,831,1081,471,-1,42.499208,-90.680704
552,11,1230,834,1142,477,-1,42.499207,-90.680711
553,11,1025,837,1140,489,-1,42.499205,-90.680722
554,11,841,842,1132,485,-1,42.499204,-90.680731
555,11,643,847,1156,477,-1,42.499204,-90.680740
556,11,465,854,1171,487,-1,42.499202,-90.680748
557,11,249,843,1174,489,-1,42.499202,-90.680759
558,11,29,874,1167,485,-1,42.499199,-90.680769
559,11,0,889,973,469,-1,42.499199,-90.680775
560,11,20,895,856,454,-1,42.499199,-90.680777
561,11,2,923,591,433,-1,42.499199,-90.680784
562,11,0,923,409,437,-1,42.499198,-90.680788
563,11,0,967,189,327,-1,42.499202,-90.680797
569,12,1952,733,605,457,-1,42.499218,-90.680684
570,12,1786,734,759,459,-1,42.499217,-90.680690
571,12,1625,761,933,445,-1,42.499216,-90.680694
572,12,1476,734,1048,479,-1,42.499215,-90.680699
573,12,1297,733,1067,486,-1,42.499213,-90.680709
574,12,1127,724,1059,501,-1,42.499212,-90.680718
575,12,927,753,1069,474,-1,42.499211,-90.680728
576,12,742,755,1071,471,-1,42.499211,-90.680738
577,12,553,771,1081,458,-1,42.499210,-90.680748
578,12,345,777,1136,461,-1,42.499209,-90.680757
579,12,126,782,1157,462,-1,42.499207,-90.680768
580,12,0,773,1086,487,-1,42.499206,-90.680776
581,12,14,784,840,464,-1,42.499206,-90.680782
582,12,11,803,638,471,-1,42.499204,-90.680786
583,12,4,809,412,461,-1,42.499204,-90.680792
850,13,2212,753,346,460,-1,42.499216,-90.680678
851,13,2141,728,410,494,-1,42.499215,-90.680681
852,13,2064,719,484,502,-1,42.499215,-90.680683
853,13,1982,718,571,509,-1,42.499215,-90.680685
854,13,1900,718,658,516,-1,42.499214,-90.680687
855,13,1820,725,720,508,-1,42.499214,-90.680690
856,13,1762,745,782,491,-1,42.499213,-90.680691
857,13,1697,738,853,492,-1,42.499214,-90.680693
858,13,1618,753,939,481,-1,42.499213,-90.680695
859,13,1572,750,985,486,-1,42.499213,-90.680696
860,13,1525,748,1031,491,-1,42.499213,-90.680698
861,13,1479,746,1076,496,-1,42.499212,-90.680699
862,13,1432,743,1122,502,-1,42.499212,-90.680700
863,13,1386,741,1168,507,-1,42.499212,-90.680702
864,13,1339,739,1214,512,-1,42.499211,-90.680703
865,13,1290,731,1253,522,-1,42.499211,-90.680704
866,13,1250,727,1220,528,-1,42.499211,-90.680707
867,13,1223,732,1224,523,-1,42.499211,-90.680709
868,13,1183,729,1259,538,-1,42.499210,-90.680710
869,13,1177,736,1245,525,-1,42.499210,-90.680711
870,13,1161,734,1233,524,-1,42.499210,-90.680712
871,13,1143,736,1238,518,-1,42.499211,-90.680713
872,13,1100,738,1233,526,-1,42.499210,-90.680715
873,13,1077,736,1250,527,-1,42.499210,-90.680716
874,13,1082,742,1224,515,-1,42.499210,-90.680716
875,13,1058,745,1240,514,-1,42.499210,-90.680717
876,13,1042,740,1254,523,-1,42.499210,-90.680718
877,13,1043,741,1247,517,-1,42.499210,-90.680718
878,13,1028,743,1262,518,-1,42.499210,-90.680718
879,13,1034,736,1253,527,-1,42.499209,-90.680718
880,13,1030,734,1258,527,-1,42.499210,-90.680718
881,13,1027,734,1263,532,-1,42.499209,-90.680718
882,13,1032,747,1258,512,-1,42.499210,-90.680718
883,13,1027,746,1261,514,-1,42.499210,-90.680718
884,13,1037,741,1250,518,-1,42.499210,-90.680718
885,13,1036,739,1248,520,-1,42.499210,-90.680718
886,13,1032,739,1253,520,-1,42.499210,-90.680718
887,13,1036,750,1252,507,-1,42.499210,-90.680718
888,13,1037,752,1254,507,-1,42.499210,-90.680718
889,13,1034,752,1259,508,-1,42.499210,-90.680718
890,13,1033,742,1255,518,-1,42.499210,-90.680718
891,13,1036,742,1248,517,-1,42.499210,-90.680718
892,13,1033,744,1252,516,-1,42.499210,-90.680718
893,13,1030,745,1260,514,-1,42.499210,-90.680718
894,13,1036,747,1251,514,-1,42.499210,-90.680718
895,13,1031,750,1258,511,-1,42.499210,-90.680718
896,13,1035,748,1254,512,-1,42.499210,-90.680718
897,13,1039,742,1244,517,-1,42.499210,-90.680718
898,13,1038,740,1244,519,-1,42.499210,-90.680718
899,13,1032,742,1253,519,-1,42.499210,-90.680718
900,13,1033,749,1254,510,-1,42.499210,-90.680718
901,13,1030,751,1258,509,-1,42.499210,-90.680718
902,13,1029,747,1258,514,-1,42.499210,-90.680718
903,13,1031,744,1257,516,-1,42.499210,-90.680718
904,13,1028,738,1258,523,-1,42.499210,-90.680718
905,13,1028,740,1256,522,-1,42.499210,-90.680718
906,13,1027,741,1260,520,-1,42.499210,-90.680718
907,13,1027,743,1259,520,-1,42.499209,-90.680718
908,13,1023,743,1260,520,-1,42.499209,-90.680718
909,13,1027,742,1259,520,-1,42.499210,-90.680718
910,13,1026,741,1259,521,-1,42.499210,-90.680718
911,13,1028,739,1256,521,-1,42.499210,-90.680718
912,13,1027,743,1261,519,-1,42.499210,-90.680718
913,13,1028,745,1260,516,-1,42.499210,-90.680718
914,13,1026,748,1262,512,-1,42.499210,-90.680718
915,13,1030,746,1255,515,-1,42.499210,-90.680718
916,13,1030,745,1256,517,-1,42.499210,-90.680718
917,13,1029,742,1257,520,-1,42.499210,-90.680718
918,13,1026,746,1262,516,-1,42.499210,-90.680718
919,13,1030,748,1259,513,-1,42.499210,-90.680718
920,13,1026,749,1263,512,-1,42.499210,-90.680718
921,13,1031,746,1253,517,-1,42.499209,-90.680718
922,13,1031,747,1255,515,-1,42.499210,-90.680718
923,13,1032,750,1254,511,-1,42.499210,-90.680718
924,13,1026,744,1263,518,-1,42.499210,-90.680718
925,13,1025,746,1265,516,-1,42.499210,-90.680718
926,13,1024,747,1263,514,-1,42.499210,-90.680718
927,13,1029,745,1255,516,-1,42.499210,-90.680718
928,13,1030,745,1255,516,-1,42.499210,-90.680718
929,13,1030,746,1254,515,-1,42.499210,-90.680718
930,13,1028,745,1261,516,-1,42.499210,-90.680718
931,13,1027,745,1263,517,-1,42.499210,-90.680718
932,13,1026,746,1264,516,-1,42.499210,-90.680718
933,13,1032,750,1255,511,-1,42.499210,-90.680718
934,13,1032,745,1252,517,-1,42.499210,-90.680718
935,13,1030,745,1254,516,-1,42.499210,-90.680718
936,13,1031,751,1258,509,-1,42.499210,-90.680718
937,13,1030,749,1259,511,-1,42.499210,-90.680718
938,13,1029,748,1260,513,-1,42.499210,-90.680718
939,13,1032,748,1254,514,-1,42.499210,-90.680718
940,13,1031,746,1254,516,-1,42.499210,-90.680718
941,13,1032,746,1251,515,-1,42.499210,-90.680718
942,13,1030,750,1256,510,-1,42.499210,-90.680718
943,13,1028,750,1262,510,-1,42.499210,-90.680718
944,13,1028,749,1262,513,-1,42.499210,-90.680718
945,13,1033,747,1253,516,-1,42.499209,-90.680718
946,13,1035,746,1250,517,-1,42.499209,-90.680718
947,13,1031,746,1253,517,-1,42.499209,-90.680718
948,13,1031,748,1254,513,-1,42.499210,-90.680718
949,13,1033,750,1256,512,-1,42.499210,-90.680718
950,13,1031,750,1258,511,-1,42.499210,-90.680718
951,13,1034,750,1253,512,-1,42.499210,-90.680718
952,13,1034,750,1251,513,-1,42.499209,-90.680718
953,13,1029,747,1255,515,-1,42.499210,-90.680718
954,13,1028,749,1257,513,-1,42.499210,-90.680718
955,13,1030,750,1258,513,-1,42.499209,-90.680718
956,13,1031,750,1255,511,-1,42.499210,-90.680718
957,13,1035,750,1249,512,-1,42.499210,-90.680718
958,13,1035,746,1249,517,-1,42.499209,-90.680718
959,13,1036,745,1247,518,-1,42.499209,-90.680718
960,13,1031,746,1251,516,-1,42.499210,-90.680718
961,13,1030,748,1255,515,-1,42.499209,-90.680718
962,13,1032,748,1254,511,-1,42.499210,-90.680718
963,13,1029,747,1258,513,-1,42.499210,-90.680718
964,13,1032,746,1252,513,-1,42.499210,-90.680718
965,13,1032,743,1252,517,-1,42.499210,-90.680718
966,13,1037,739,1247,522,-1,42.499210,-90.680718
967,13,1026,736,1257,524,-1,42.499210,-90.680718
968,13,1017,737,1266,525,-1,42.499210,-90.680718
969,13,1017,742,1266,518,-1,42.499210,-90.680718
970,13,1018,734,1255,529,-1,42.499209,-90.680719
971,13,1007,735,1270,527,-1,42.499209,-90.680719
972,13,1012,737,1269,525,-1,42.499210,-90.680719
973,13,990,740,1271,524,-1,42.499209,-90.680720
974,13,972,738,1278,527,-1,42.499209,-90.680721
975,13,970,734,1258,528,-1,42.499209,-90.680721
976,13,948,743,1236,523,-1,42.499209,-90.680723
977,13,904,738,1245,529,-1,42.499209,-90.680725
978,13,876,741,1267,524,-1,42.499209,-90.680726
979,13,845,740,1272,521,-1,42.499209,-90.680727
980,13,799,744,1275,519,-1,42.499209,-90.680730
981,13,759,753,1243,524,-1,42.499207,-90.680732
982,13,704,737,1269,545,-1,42.499207,-90.680735
983,13,642,743,1297,536,-1,42.499207,-90.680737
984,13,583,744,1278,537,-1,42.499207,-90.680740
985,13,523,738,1288,551,-1,42.499206,-90.680743
986,13,439,741,1301,547,-1,42.499206,-90.680747
987,13,374,735,1308,560,-1,42.499205,-90.680750
988,13,289,745,1331,551,-1,42.499205,-90.680754
989,13,215,746,1303,557,-1,42.499204,-90.680758
990,13,134,749,1322,547,-1,42.499204,-90.680762
991,13,56,766,1316,543,-1,42.499203,-90.680765
992,13,0,772,1319,527,-1,42.499203,-90.680768
993,13,0,775,1216,538,-1,42.499202,-90.680770
994,13,0,777,1100,541,-1,42.499202,-90.680773
995,13,0,771,1022,523,-1,42.499203,-90.680776
996,13,12,775,897,523,-1,42.499203,-90.680778
997,13,18,782,810,517,-1,42.499203,-90.680780
997,14,2446,802,107,295,-1,42.499227,-90.680666
998,13,6,774,708,545,-1,42.499201,-90.680782
998,14,2413,805,144,335,-1,42.499223,-90.680669
999,13,5,766,588,554,-1,42.499201,-90.680785
999,14,2355,783,203,368,-1,42.499222,-90.680671
1000,13,0,767,504,542,-1,42.499201,-90.680788
1000,14,2324,789,224,386,-1,42.499220,-90.680674
1001,13,5,785,387,534,-1,42.499200,-90.680790
1001,14,2257,775,298,430,-1,42.499217,-90.680677
1002,13,1,757,291,504,-1,42.499204,-90.680796
1002,14,2206,772,342,433,-1,42.499217,-90.680678
1003,14,2152,737,386,495,-1,42.499214,-90.680681
1004,14,2096,723,443,501,-1,42.499215,-90.680682
1005,14,2038,719,505,509,-1,42.499215,-90.680684
1006,14,1958,708,601,517,-1,42.499215,-90.680685
1007,14,2065,708,480,291,-1,42.499237,-90.680673
1008,14,1814,724,725,518,-1,42.499213,-90.680690
1009,14,1723,729,825,511,-1,42.499213,-90.680693
1010,14,1650,714,906,530,-1,42.499213,-90.680694
1011,14,1574,703,975,541,-1,42.499212,-90.680697
1015,15,1204,711,1301,534,-1,42.499212,-90.680708
1016,15,1098,718,1280,542,-1,42.499210,-90.680714
1017,15,1006,712,1348,539,-1,42.499210,-90.680717
1018,15,928,725,1250,544,-1,42.499209,-90.680724
1019,15,809,710,1182,548,-1,42.499209,-90.680731
1020,15,679,700,1314,565,-1,42.499208,-90.680735
1021,15,590,715,1251,565,-1,42.499207,-90.680741
1022,15,472,712,1225,566,-1,42.499206,-90.680747
1023,15,302,725,1455,551,-1,42.499206,-90.680750
1024,15,166,734,1452,552,-1,42.499205,-90.680757
1025,15,56,740,1479,558,-1,42.499204,-90.680762
1026,15,0,729,1424,579,-1,42.499203,-90.680765
1027,15,0,748,1252,553,-1,42.499203,-90.680770
1028,15,0,740,1125,545,-1,42.499204,-90.680774
1029,15,8,738,976,558,-1,42.499203,-90.680777
1030,15,31,751,846,548,-1,42.499203,-90.680779
1031,15,24,779,723,519,-1,42.499202,-90.680782
1032,15,0,806,582,487,-1,42.499202,-90.680787
1033,15,2,822,428,469,-1,42.499202,-90.680791
1033,17,2192,783,360,431,-1,42.499216,-90.680679
1034,15,0,813,318,448,-1,42.499204,-90.680795
1034,17,2090,778,454,447,-1,42.499215,-90.680682
1035,15,0,829,187,370,-1,42.499208,-90.680802
1035,17,1993,751,564,472,-1,42.499215,-90.680685
1036,17,1860,751,686,482,-1,42.499214,-90.680689
1037,17,1765,760,787,473,-1,42.499214,-90.680691
1038,17,1632,760,889,474,-1,42.499213,-90.680696
1039,16,0,1474,813,422,-1,42.499176,-90.680763
1039,17,1499,760,990,474,-1,42.499213,-90.680700
1040,16,17,1437,949,472,-1,42.499176,-90.680760
1040,17,1366,760,1091,475,-1,42.499213,-90.680704
1041,16,0,1435,1261,475,-1,42.499176,-90.680755
1041,17,1250,771,1079,469,-1,42.499212,-90.680711
1042,16,385,1443,1606,436,-1,42.499178,-90.680737
1042,17,1131,767,1070,471,-1,42.499211,-90.680718
1043,16,823,1391,1484,497,-1,42.499179,-90.680724
1043,17,1003,786,1080,447,-1,42.499211,-90.680724
1044,17,857,797,1054,446,-1,42.499210,-90.680732
1045,17,720,786,1052,463,-1,42.499209,-90.680740
1046,17,571,794,1053,468,-1,42.499207,-90.680747
1047,17,419,786,1081,498,-1,42.499205,-90.680754
1048,17,227,794,1183,502,-1,42.499204,-90.680760
1049,17,87,810,1081,481,-1,42.499204,-90.680770
1050,17,19,793,1000,509,-1,42.499203,-90.680775
1051,17,25,804,870,489,-1,42.499203,-90.680778
1052,17,1,810,709,493,-1,42.499202,-90.680783
1053,17,0,790,557,509,-1,42.499202,-90.680787
1054,17,0,819,409,497,-1,42.499201,-90.680790
1070,18,2231,836,325,375,-1,42.499216,-90.680678
1071,18,2048,799,499,421,-1,42.499215,-90.680683
1072,18,1844,822,702,408,-1,42.499214,-90.680689
1073,18,1647,837,897,397,-1,42.499213,-90.680695
1074,18,1436,832,1075,416,-1,42.499212,-90.680701
1075,18,1232,852,1071,402,-1,42.499211,-90.680712
1076,18,1058,851,1060,419,-1,42.499209,-90.680722
1077,18,902,859,1014,435,-1,42.499206,-90.680731
1078,18,693,859,1028,444,-1,42.499205,-90.680741
1079,18,483,863,1045,445,-1,42.499204,-90.680751
1080,18,249,860,1119,460,-1,42.499203,-90.680760
1081,18,58,872,1089,447,-1,42.499202,-90.680770
1082,18,10,890,924,436,-1,42.499201,-90.680777
1083,18,0,900,755,422,-1,42.499201,-90.680781
1084,18,3,883,528,441,-1,42.499200,-90.680787
1085,18,0,911,350,415,-1,42.499200,-90.680791
1114,19,2231,793,324,407,-1,42.499217,-90.680677
1115,19,2034,744,524,476,-1,42.499215,-90.680683
1116,19,1817,754,716,475,-1,42.499214,-90.680690
1117,19,1605,773,952,468,-1,42.499213,-90.680695
1118,19,1368,770,1072,481,-1,42.499211,-90.680705
1119,19,1159,790,1068,451,-1,42.499211,-90.680716
1120,19,925,794,1082,451,-1,42.499210,-90.680728
1121,19,680,798,1115,475,-1,42.499207,-90.680740
1122,19,428,816,1149,465,-1,42.499206,-90.680752
1123,19,210,808,1111,487,-1,42.499204,-90.680763
1124,19,0,820,1089,489,-1,42.499202,-90.680774
1125,19,9,824,823,462,-1,42.499203,-90.680781
1126,19,0,837,599,461,-1,42.499202,-90.680786
1127,19,0,831,388,479,-1,42.499201,-90.680791
1128,19,0,859,178,360,-1,42.499207,-90.680801
1170,20,0,1371,1717,525,-1,42.499177,-90.680748
1171,20,292,1361,1740,535,-1,42.499178,-90.680737
1172,20,743,1317,1673,583,-1,42.499179,-90.680723
1234,21,1704,808,853,435,-1,42.499213,-90.680693
1235,21,1456,807,1088,446,-1,42.499212,-90.680700
1236,21,1201,812,1070,451,-1,42.499210,-90.680714
1237,21,903,828,1094,447,-1,42.499208,-90.680729
1238,21,622,818,1120,480,-1,42.499205,-90.680742
1239,21,345,827,1124,480,-1,42.499204,-90.680756
1240,21,54,831,1132,493,-1,42.499202,-90.680769
1241,21,6,837,880,500,-1,42.499200,-90.680777
1242,21,0,883,632,449,-1,42.499200,-90.680784
1243,21,0,837,366,510,-1,42.499199,-90.680790
1280,22,1433,833,1094,499,-1,42.499206,-90.680703
1281,22,1146,848,1123,498,-1,42.499204,-90.680716
1282,22,865,845,1118,511,-1,42.499202,-90.680730
1283,22,575,850,1103,510,-1,42.499201,-90.680744
1284,22,281,850,1151,511,-1,42.499200,-90.680757
1285,22,34,861,1117,505,-1,42.499199,-90.680769
1286,22,12,864,842,519,-1,42.499197,-90.680776
1328,23,2332,904,224,346,-1,42.499213,-90.680676
1329,23,2134,826,419,457,-1,42.499211,-90.680683
1330,23,1912,849,643,464,-1,42.499208,-90.680689
1331,23,1677,858,872,455,-1,42.499208,-90.680696
1332,23,1452,858,1022,464,-1,42.499206,-90.680703
1333,23,1227,859,1172,472,-1,42.499205,-90.680711
1334,23,964,849,1184,499,-1,42.499203,-90.680723
1335,23,714,884,1219,468,-1,42.499202,-90.680735
1336,23,457,888,1222,466,-1,42.499201,-90.680747
1337,23,165,905,1310,448,-1,42.499201,-90.680759
1338,23,0,904,1174,460,-1,42.499199,-90.680770
1339,23,9,913,922,463,-1,42.499198,-90.680775
1340,23,10,936,656,449,-1,42.499197,-90.680781
1341,23,0,924,415,490,-1,42.499195,-90.680785
1357,24,2355,903,202,346,-1,42.499214,-90.680676
1358,24,2144,794,399,473,-1,42.499212,-90.680682
1359,24,1908,784,636,513,-1,42.499209,-90.680689
1360,24,1699,785,856,533,-1,42.499207,-90.680695
1362,25,1267,791,1127,569,-1,42.499203,-90.680710
1363,25,1002,808,1169,542,-1,42.499203,-90.680722
1364,25,773,828,1171,530,-1,42.499202,-90.680733
1365,25,527,819,1153,545,-1,42.499201,-90.680745
1366,25,214,816,1196,553,-1,42.499200,-90.680759
1367,25,0,805,1208,580,-1,42.499198,-90.680768
1368,25,14,828,919,533,-1,42.499199,-90.680775
1369,25,8,847,663,542,-1,42.499197,-90.680780
1370,25,5,850,410,524,-1,42.499197,-90.680787
1557,26,12,1341,703,547,-1,42.499176,-90.680765
1558,26,76,1253,1364,645,-1,42.499177,-90.680751
1559,26,90,1224,1627,685,-1,42.499177,-90.680746
1560,26,641,1213,1498,704,-1,42.499178,-90.680730
1593,27,1583,860,961,419,-1,42.499210,-90.680697
1594,27,1363,870,1139,435,-1,42.499207,-90.680704
1595,27,1094,864,1166,461,-1,42.499205,-90.680717
1596,27,838,865,1139,461,-1,42.499204,-90.680731
1597,27,539,862,1146,477,-1,42.499202,-90.680745
1598,27,243,898,1178,444,-1,42.499201,-90.680759
1599,27,4,918,1138,451,-1,42.499199,-90.680770
1600,27,13,948,842,397,-1,42.499200,-90.680778
1601,27,18,944,551,429,-1,42.499198,-90.680783
1624,28,1129,782,1252,561,-1,42.499204,-90.680714
1625,28,885,804,1138,546,-1,42.499203,-90.680728
1626,28,577,790,1142,575,-1,42.499201,-90.680743
1627,28,208,807,1299,573,-1,42.499199,-90.680756
1628,28,0,789,1207,591,-1,42.499198,-90.680768
1629,28,12,803,837,552,-1,42.499199,-90.680777
1630,28,0,838,519,550,-1,42.499197,-90.680784
1690,29,2216,857,335,402,-1,42.499212,-90.680680
1691,29,1924,823,620,462,-1,42.499210,-90.680689
1692,29,1623,856,929,443,-1,42.499208,-90.680696
1693,29,1312,850,1230,473,-1,42.499206,-90.680705
1694,29,1003,851,1190,482,-1,42.499204,-90.680721
1695,29,694,857,1176,486,-1,42.499203,-90.680737
1696,29,368,858,1222,493,-1,42.499201,-90.680751
1697,29,28,890,1226,467,-1,42.499200,-90.680767
1698,29,4,877,915,486,-1,42.499199,-90.680776
1780,30,1509,818,1044,547,-1,42.499204,-90.680701
1780,31,840,191,112,101,-1,42.499520,-90.680874
1781,30,1207,811,1106,569,-1,42.499202,-90.680714
1781,31,826,201,114,94,-1,42.499515,-90.680875
1782,30,854,820,1134,556,-1,42.499201,-90.680730
1782,31,826,200,124,99,-1,42.499510,-90.680872
1783,30,565,837,1096,563,-1,42.499199,-90.680744
1783,31,814,213,125,93,-1,42.499500,-90.680871
1784,30,193,848,1137,544,-1,42.499198,-90.680761
1784,31,804,214,126,97,-1,42.499493,-90.680870
1785,30,10,850,981,551,-1,42.499197,-90.680772
1785,31,790,218,129,99,-1,42.499485,-90.680870
1786,30,0,856,665,540,-1,42.499196,-90.680780
1786,31,781,221,127,103,-1,42.499476,-90.680869
1787,31,773,229,137,101,-1,42.499470,-90.680866
1788,31,756,233,140,102,-1,42.499464,-90.680867
1789,31,743,236,144,102,-1,42.499460,-90.680868
1790,31,735,239,146,102,-1,42.499457,-90.680868
1791,31,725,254,145,98,-1,42.499445,-90.680865
1792,31,709,246,163,111,-1,42.499440,-90.680865
1793,31,699,251,148,113,-1,42.499434,-90.680865
1794,31,675,253,169,119,-1,42.499426,-90.680864
1795,31,670,261,176,121,-1,42.499418,-90.680861
1796,31,652,258,176,132,-1,42.499411,-90.680861
1797,31,639,261,174,130,-1,42.499410,-90.680863
1798,31,627,264,189,137,-1,42.499402,-90.680860
1799,31,604,265,206,147,-1,42.499394,-90.680858
1800,31,589,275,208,144,-1,42.499389,-90.680858
1801,31,573,274,204,155,-1,42.499382,-90.680858
1802,31,555,279,217,152,-1,42.499381,-90.680859
1803,31,541,289,206,147,-1,42.499377,-90.680860
1804,31,521,285,223,163,-1,42.499370,-90.680858
1805,31,507,291,235,164,-1,42.499366,-90.680857
1806,31,483,294,236,167,-1,42.499362,-90.680859
1807,31,464,292,246,175,-1,42.499359,-90.680859
1808,31,446,298,256,177,-1,42.499354,-90.680858
1809,31,438,303,249,189,-1,42.499346,-90.680855
1810,31,425,307,258,194,-1,42.499341,-90.680854
1810,32,2118,794,430,476,-1,42.499211,-90.680683
1811,31,407,314,265,194,-1,42.499338,-90.680854
1811,32,1850,782,690,521,-1,42.499209,-90.680691
1812,31,386,319,276,200,-1,42.499333,-90.680853
1812,32,1584,824,972,468,-1,42.499209,-90.680697
1813,31,361,318,279,209,-1,42.499329,-90.680854
1813,32,1329,821,1171,491,-1,42.499207,-90.680705
1814,31,351,318,290,216,-1,42.499327,-90.680852
1814,32,1051,831,1201,500,-1,42.499205,-90.680719
1815,31,340,325,283,217,-1,42.499323,-90.680852
1815,32,804,849,1146,501,-1,42.499203,-90.680732
1816,31,326,327,303,220,-1,42.499321,-90.680852
1816,32,507,840,1171,513,-1,42.499201,-90.680746
1817,31,307,334,316,227,-1,42.499316,-90.680850
1817,32,222,840,1176,519,-1,42.499200,-90.680759
1818,31,289,340,324,233,-1,42.499312,-90.680849
1818,32,0,833,1162,539,-1,42.499199,-90.680770
1819,31,271,343,320,239,-1,42.499308,-90.680849
1820,31,250,351,345,241,-1,42.499305,-90.680848
1821,31,239,355,362,246,-1,42.499302,-90.680846
1822,31,223,355,376,251,-1,42.499300,-90.680846
1823,31,200,352,388,268,-1,42.499296,-90.680845
1824,31,198,350,391,287,-1,42.499291,-90.680842
1825,31,175,355,401,286,-1,42.499290,-90.680843
1826,31,168,360,406,283,-1,42.499289,-90.680843
1827,31,157,367,409,279,-1,42.499289,-90.680843
1828,31,149,365,412,285,-1,42.499287,-90.680843
1829,31,137,376,416,279,-1,42.499286,-90.680843
1830,31,126,375,418,284,-1,42.499285,-90.680843
1831,31,122,373,417,306,-1,42.499280,-90.680840
1832,31,118,373,411,313,-1,42.499278,-90.680840
1833,31,105,375,412,318,-1,42.499276,-90.680840
1834,31,99,372,420,328,-1,42.499275,-90.680839
1834,33,2350,873,206,355,-1,42.499215,-90.680675
1835,31,95,376,423,330,-1,42.499273,-90.680838
1835,33,2123,790,428,488,-1,42.499211,-90.680683
1836,31,81,387,437,318,-1,42.499274,-90.680839
1836,33,1858,770,694,550,-1,42.499207,-90.680691
1837,31,76,385,437,319,-1,42.499274,-90.680839
1837,33,1599,811,956,496,-1,42.499208,-90.680697
1838,31,85,380,415,339,-1,42.499270,-90.680837
1838,33,1376,813,1181,512,-1,42.499206,-90.680703
1839,31,76,387,430,332,-1,42.499270,-90.680837
1839,33,1078,835,1206,499,-1,42.499205,-90.680717
1840,31,69,387,431,332,-1,42.499270,-90.680838
1840,33,842,819,1153,537,-1,42.499202,-90.680730
1841,31,67,394,438,327,-1,42.499270,-90.680837
1841,33,561,811,1148,563,-1,42.499200,-90.680744
1842,31,75,393,427,331,-1,42.499269,-90.680837
1842,33,240,826,1223,563,-1,42.499198,-90.680757
1843,31,72,395,427,330,-1,42.499269,-90.680837
1843,33,4,827,1185,554,-1,42.499198,-90.680769
1844,31,70,394,431,329,-1,42.499270,-90.680837
1844,33,4,818,869,549,-1,42.499198,-90.680777
1845,31,65,394,440,335,-1,42.499268,-90.680836
1845,33,2,848,580,528,-1,42.499197,-90.680783
1846,31,70,397,428,328,-1,42.499269,-90.680837
1847,31,62,399,447,325,-1,42.499269,-90.680837
1848,31,63,399,448,325,-1,42.499269,-90.680837
1849,31,63,399,449,326,-1,42.499269,-90.680837
1850,31,62,400,450,326,-1,42.499269,-90.680837
1851,31,62,399,449,324,-1,42.499270,-90.680837
1852,31,62,398,442,324,-1,42.499270,-90.680838
1853,31,62,399,441,324,-1,42.499269,-90.680837
1854,31,61,398,441,325,-1,42.499269,-90.680838
1855,31,60,400,448,325,-1,42.499269,-90.680837
1856,31,60,400,448,326,-1,42.499269,-90.680837
1857,31,59,401,453,324,-1,42.499269,-90.680837
1858,31,62,399,444,324,-1,42.499270,-90.680837
1859,31,61,399,443,324,-1,42.499269,-90.680837
1860,31,63,401,442,323,-1,42.499269,-90.680837
1861,31,63,400,441,323,-1,42.499270,-90.680837
1862,31,63,400,441,324,-1,42.499269,-90.680837
1863,31,63,400,443,324,-1,42.499269,-90.680837
1864,31,63,400,442,324,-1,42.499269,-90.680837
1865,31,62,400,442,323,-1,42.499270,-90.680837
1866,31,63,401,443,323,-1,42.499269,-90.680837
1867,31,62,399,440,324,-1,42.499269,-90.680837
1868,31,62,399,440,325,-1,42.499269,-90.680837
1869,31,63,400,439,325,-1,42.499269,-90.680837
1870,31,63,399,436,324,-1,42.499269,-90.680838
1871,31,63,399,437,324,-1,42.499269,-90.680838
1872,31,63,399,438,324,-1,42.499269,-90.680837
1873,31,63,399,440,326,-1,42.499269,-90.680837
1874,31,62,398,441,326,-1,42.499269,-90.680837
1875,31,63,399,440,326,-1,42.499269,-90.680837
1876,31,63,399,439,325,-1,42.499269,-90.680837
1877,31,61,398,440,325,-1,42.499269,-90.680838
1878,31,62,398,441,326,-1,42.499269,-90.680837
1879,31,63,397,440,327,-1,42.499269,-90.680837
1880,31,65,397,438,327,-1,42.499269,-90.680837
1881,31,64,397,439,328,-1,42.499269,-90.680837
1882,31,63,397,439,327,-1,42.499269,-90.680837
1883,31,62,397,441,327,-1,42.499269,-90.680837
1884,31,62,399,441,326,-1,42.499269,-90.680837
1885,31,62,399,441,326,-1,42.499269,-90.680837
1886,31,64,398,440,326,-1,42.499269,-90.680837
1887,31,64,398,438,328,-1,42.499269,-90.680837
1888,31,64,398,440,327,-1,42.499269,-90.680837
1889,31,62,399,438,325,-1,42.499269,-90.680837
1890,31,62,399,440,325,-1,42.499269,-90.680837
1891,31,62,398,440,327,-1,42.499269,-90.680837
1892,31,62,399,443,325,-1,42.499269,-90.680837
1893,31,64,398,439,328,-1,42.499269,-90.680837
1894,31,64,399,440,326,-1,42.499269,-90.680837
1895,31,62,397,438,328,-1,42.499269,-90.680837
1896,31,63,399,439,326,-1,42.499269,-90.680837
1897,31,62,399,439,326,-1,42.499269,-90.680837
1898,31,63,399,441,326,-1,42.499269,-90.680837
1899,31,64,399,438,327,-1,42.499269,-90.680837
1900,31,65,399,436,326,-1,42.499269,-90.680837
1901,31,65,399,438,327,-1,42.499269,-90.680837
1902,31,63,399,439,326,-1,42.499269,-90.680837
1903,31,62,399,440,326,-1,42.499269,-90.680837
1904,31,63,399,440,326,-1,42.499269,-90.680837
1905,31,63,399,438,327,-1,42.499269,-90.680837
1906,31,66,399,435,327,-1,42.499269,-90.680837
1907,31,64,399,438,326,-1,42.499269,-90.680837
1908,31,63,399,440,326,-1,42.499269,-90.680837
1909,31,63,399,438,326,-1,42.499269,-90.680837
1910,31,64,398,437,327,-1,42.499269,-90.680837
1911,31,64,399,438,326,-1,42.499269,-90.680837
1912,31,63,399,441,326,-1,42.499269,-90.680837
1913,31,64,398,439,328,-1,42.499269,-90.680837
1914,31,63,399,440,326,-1,42.499269,-90.680837
1915,31,63,400,439,326,-1,42.499269,-90.680837
1916,31,62,400,439,325,-1,42.499269,-90.680837
1917,31,63,400,437,324,-1,42.499269,-90.680837
1918,31,63,399,436,325,-1,42.499269,-90.680837
1919,31,59,400,447,328,-1,42.499268,-90.680837
1920,31,62,399,438,326,-1,42.499269,-90.680837
1920,34,2226,781,330,441,-1,42.499215,-90.680678
1921,31,62,400,439,324,-1,42.499269,-90.680837
1921,34,2160,769,395,462,-1,42.499215,-90.680680
1922,31,63,400,439,325,-1,42.499269,-90.680837
1922,34,2120,736,430,484,-1,42.499215,-90.680681
1923,31,63,401,438,325,-1,42.499269,-90.680837
1923,34,2070,732,476,484,-1,42.499216,-90.680682
1924,31,63,400,439,326,-1,42.499269,-90.680837
1924,34,2091,734,447,390,-1,42.499224,-90.680678
1925,31,64,399,440,327,-1,42.499269,-90.680837
1925,34,2111,736,418,297,-1,42.499233,-90.680674
1926,31,63,400,441,326,-1,42.499269,-90.680837
1926,34,1920,735,638,505,-1,42.499213,-90.680687
1927,31,60,401,441,323,-1,42.499269,-90.680837
1927,34,1872,725,669,513,-1,42.499213,-90.680689
1928,31,49,401,462,330,-1,42.499268,-90.680836
1928,34,1830,730,710,514,-1,42.499213,-90.680690
1929,31,50,402,455,333,-1,42.499267,-90.680836
1929,34,1804,738,735,505,-1,42.499213,-90.680691
1930,31,43,402,461,339,-1,42.499266,-90.680835
1930,34,1774,748,771,495,-1,42.499213,-90.680691
1931,31,31,407,467,332,-1,42.499266,-90.680837
1931,34,1746,753,800,485,-1,42.499213,-90.680692
1932,31,19,405,481,336,-1,42.499266,-90.680837
1932,34,1717,759,829,475,-1,42.499213,-90.680693
1933,31,8,410,481,342,-1,42.499263,-90.680836
1933,34,1692,755,861,481,-1,42.499213,-90.680693
1934,31,0,420,468,348,-1,42.499260,-90.680835
1934,34,1673,750,878,485,-1,42.499213,-90.680694
1935,31,0,424,460,357,-1,42.499258,-90.680833
1935,34,1647,748,905,491,-1,42.499213,-90.680694
1936,31,2,429,458,386,-1,42.499252,-90.680829
1936,34,1645,748,906,492,-1,42.499213,-90.680695
1937,31,0,435,447,399,-1,42.499249,-90.680827
1937,34,1644,748,908,493,-1,42.499213,-90.680695
1938,31,0,447,447,386,-1,42.499249,-90.680827
1938,34,1642,748,909,493,-1,42.499213,-90.680695
1939,31,0,455,425,395,-1,42.499246,-90.680826
1939,34,1641,748,911,494,-1,42.499213,-90.680695
1940,31,0,462,411,431,-1,42.499240,-90.680821
1940,34,1639,748,913,495,-1,42.499213,-90.680695
1941,31,0,465,391,453,-1,42.499237,-90.680819
1941,34,1637,748,914,496,-1,42.499213,-90.680695
1942,31,0,493,392,442,-1,42.499234,-90.680817
1942,34,1636,748,916,496,-1,42.499213,-90.680695
1943,31,0,503,360,464,-1,42.499230,-90.680815
1943,34,1634,748,917,497,-1,42.499212,-90.680695
1944,31,0,534,345,459,-1,42.499227,-90.680814
1944,34,1633,748,919,498,-1,42.499212,-90.680695
1945,31,0,536,324,479,-1,42.499225,-90.680812
1945,34,1631,747,921,499,-1,42.499212,-90.680695
1946,31,0,573,342,492,-1,42.499220,-90.680808
1946,34,1629,747,922,499,-1,42.499212,-90.680695
1947,31,0,598,305,488,-1,42.499218,-90.680807
1947,34,1628,747,924,500,-1,42.499212,-90.680695
1948,31,13,602,302,573,-1,42.499210,-90.680800
1948,34,1626,747,925,501,-1,42.499212,-90.680695
1949,31,0,634,318,593,-1,42.499207,-90.680797
1949,34,1624,747,927,502,-1,42.499212,-90.680695
1950,31,13,665,356,610,-1,42.499203,-90.680793
1950,34,1623,747,928,502,-1,42.499212,-90.680695
1951,31,6,691,402,617,-1,42.499201,-90.680790
1951,34,1621,747,930,503,-1,42.499212,-90.680695
1952,31,8,720,464,639,-1,42.499198,-90.680786
1952,34,1620,747,932,504,-1,42.499212,-90.680695
1953,31,0,687,569,725,-1,42.499195,-90.680782
1953,34,1618,747,933,505,-1,42.499212,-90.680696
1954,31,11,743,661,748,-1,42.499191,-90.680776
1954,34,1616,747,935,505,-1,42.499212,-90.680696
1955,31,0,752,770,772,-1,42.499190,-90.680773
1955,34,1615,747,936,506,-1,42.499212,-90.680696
1956,31,3,795,873,815,-1,42.499186,-90.680769
1956,34,1613,746,938,507,-1,42.499212,-90.680696
1957,31,45,810,980,853,-1,42.499184,-90.680764
1957,34,1612,746,940,508,-1,42.499212,-90.680696
1958,31,37,852,1113,857,-1,42.499183,-90.680760
1958,34,1610,746,941,508,-1,42.499212,-90.680696
1959,31,56,882,1280,872,-1,42.499181,-90.680756
1959,34,1608,746,943,509,-1,42.499212,-90.680696
1960,31,100,913,1422,883,-1,42.499180,-90.680751
1960,34,1607,746,944,510,-1,42.499212,-90.680696
1961,31,199,961,1527,887,-1,42.499179,-90.680745
1961,34,1605,746,946,511,-1,42.499211,-90.680696
1962,31,241,956,1777,897,-1,42.499179,-90.680739
1962,34,1604,746,947,511,-1,42.499211,-90.680696
1963,34,1603,745,947,509,-1,42.499212,-90.680696
1964,34,1588,753,967,483,-1,42.499213,-90.680696
1965,34,1604,755,946,495,-1,42.499212,-90.680696
1966,34,1599,745,954,494,-1,42.499213,-90.680696
1967,34,1569,749,978,456,-1,42.499216,-90.680696
1967,35,1058,1128,1496,787,-1,42.499179,-90.680715
1968,34,1567,755,987,483,-1,42.499213,-90.680696
1968,35,1240,1145,1290,763,-1,42.499179,-90.680713
1969,34,1600,752,956,495,-1,42.499212,-90.680696
1969,35,1503,1154,1038,756,-1,42.499179,-90.680708
1970,34,1604,742,946,502,-1,42.499212,-90.680696
2089,36,1326,761,1217,488,-1,42.499212,-90.680703
2090,36,1276,746,1209,506,-1,42.499211,-90.680706
2091,36,1236,756,1212,500,-1,42.499211,-90.680708
2092,36,1182,752,1204,510,-1,42.499210,-90.680712
2093,36,1102,760,1225,498,-1,42.499210,-90.680715
2094,36,1016,748,1252,513,-1,42.499210,-90.680719
2095,36,963,755,1209,503,-1,42.499210,-90.680723
2096,36,889,762,1239,504,-1,42.499209,-90.680726
2097,36,796,757,1230,509,-1,42.499208,-90.680731
2098,36,696,761,1274,517,-1,42.499207,-90.680735
2099,36,605,754,1229,523,-1,42.499207,-90.680741
2100,36,489,772,1276,512,-1,42.499206,-90.680745
2101,36,366,764,1306,529,-1,42.499205,-90.680751
2102,36,273,770,1258,518,-1,42.499205,-90.680757
2103,36,155,776,1279,522,-1,42.499204,-90.680762
2104,36,61,786,1311,515,-1,42.499203,-90.680765
2105,36,0,781,1216,534,-1,42.499202,-90.680770
2106,36,0,787,1119,527,-1,42.499202,-90.680773
2107,36,16,794,935,506,-1,42.499203,-90.680777
2108,36,20,790,816,516,-1,42.499202,-90.680780
2109,36,16,790,657,524,-1,42.499201,-90.680783
2110,36,6,799,517,499,-1,42.499202,-90.680788
2111,36,3,819,397,487,-1,42.499201,-90.680791
2118,38,2319,859,234,362,-1,42.499216,-90.680676
2119,38,2231,827,325,424,-1,42.499213,-90.680679
2120,37,0,1312,2010,589,-1,42.499177,-90.680743
2120,38,2163,811,387,437,-1,42.499213,-90.680681
2121,37,0,1396,1952,486,-1,42.499178,-90.680744
2121,38,2077,781,475,486,-1,42.499212,-90.680684
2122,37,321,1359,1885,502,-1,42.499179,-90.680734
2122,38,1973,782,583,486,-1,42.499211,-90.680687
2123,37,612,1277,1845,612,-1,42.499179,-90.680725
2123,38,1870,794,671,486,-1,42.499210,-90.680690
2124,38,1770,805,767,472,-1,42.499210,-90.680693
2125,38,1663,812,891,446,-1,42.499212,-90.680694
2126,38,1544,813,996,452,-1,42.499211,-90.680698
2127,38,1424,813,1101,458,-1,42.499210,-90.680702
2128,38,1332,823,1074,464,-1,42.499209,-90.680707
2129,38,1195,829,1077,469,-1,42.499207,-90.680714
2130,38,1047,829,1097,485,-1,42.499206,-90.680721
2131,38,926,842,1081,465,-1,42.499206,-90.680728
2132,38,800,844,1048,465,-1,42.499205,-90.680735
2133,38,611,838,1083,483,-1,42.499204,-90.680743
2134,38,443,838,1109,489,-1,42.499203,-90.680751
2135,38,278,844,1133,492,-1,42.499202,-90.680758
2136,38,144,853,1256,487,-1,42.499201,-90.680762
2137,38,0,844,1096,501,-1,42.499200,-90.680772
2138,38,20,845,855,509,-1,42.499199,-90.680777
2139,38,1,832,724,513,-1,42.499199,-90.680781
2140,38,12,848,536,505,-1,42.499199,-90.680785
2150,39,55,1618,1282,295,-1,42.499176,-90.680753
2151,39,72,1586,1466,327,-1,42.499176,-90.680749
2152,39,34,1545,1718,357,-1,42.499177,-90.680747
2152,40,1338,734,1198,502,-1,42.499213,-90.680703
2153,39,159,1577,1381,337,-1,42.499176,-90.680748
2153,40,1184,734,1359,517,-1,42.499211,-90.680707
2154,40,1062,730,1320,531,-1,42.499210,-90.680715
2155,40,916,741,1372,527,-1,42.499209,-90.680721
2156,40,740,719,1407,565,-1,42.499207,-90.680729
2157,40,588,721,1390,569,-1,42.499206,-90.680737
2157,42,877,1357,1521,562,-1,42.499178,-90.680721
2158,40,380,719,1417,578,-1,42.499205,-90.680747
2158,42,934,1318,1597,558,-1,42.499180,-90.680718
2159,40,209,722,1465,585,-1,42.499204,-90.680754
2159,42,880,1291,1621,604,-1,42.499179,-90.680719
2160,40,57,737,1403,588,-1,42.499202,-90.680763
2160,42,964,1230,1557,673,-1,42.499179,-90.680718
2161,40,0,746,1348,579,-1,42.499202,-90.680767
2161,42,1116,1222,1412,682,-1,42.499179,-90.680715
2162,40,0,755,1202,561,-1,42.499202,-90.680771
2162,42,1268,1213,1266,691,-1,42.499179,-90.680712
2163,40,11,752,981,548,-1,42.499203,-90.680776
2163,42,1419,1205,1121,700,-1,42.499179,-90.680709
2164,40,28,770,848,547,-1,42.499201,-90.680778
2164,42,1571,1197,976,710,-1,42.499179,-90.680707
2165,41,9,820,616,489,-1,42.499202,-90.680785
2165,42,1722,1188,830,719,-1,42.499180,-90.680704
2166,41,5,832,453,476,-1,42.499201,-90.680789
2166,42,1874,1180,685,728,-1,42.499180,-90.680701
2167,41,0,842,302,373,-1,42.499207,-90.680798
2167,42,2049,1220,506,693,-1,42.499180,-90.680698
2168,41,6,847,128,314,-1,42.499211,-90.680806
2168,42,2225,1227,329,674,-1,42.499180,-90.680695
2270,43,1947,845,607,490,-1,42.499207,-90.680689
2271,43,1674,832,874,510,-1,42.499206,-90.680696
2272,43,1367,840,1120,519,-1,42.499204,-90.680706
2273,43,1074,836,1138,546,-1,42.499201,-90.680719
2274,43,778,843,1106,548,-1,42.499200,-90.680734
2275,43,412,836,1170,546,-1,42.499199,-90.680750
2276,43,98,845,1127,552,-1,42.499197,-90.680765
2277,43,6,847,918,560,-1,42.499196,-90.680774
2278,43,7,866,605,540,-1,42.499196,-90.680781
2290,44,1355,820,1101,471,-1,42.499208,-90.680706
2291,44,1041,835,1156,472,-1,42.499206,-90.680720
2292,44,751,840,1160,476,-1,42.499205,-90.680735
2293,44,447,841,1165,494,-1,42.499202,-90.680749
2294,44,161,838,1216,512,-1,42.499201,-90.680761
2295,44,0,832,988,521,-1,42.499199,-90.680774
2322,45,2026,760,512,509,-1,42.499211,-90.680686
2323,45,1752,713,803,551,-1,42.499211,-90.680692
2324,45,1455,703,1073,587,-1,42.499209,-90.680701
2325,45,1148,709,1154,599,-1,42.499207,-90.680715
2326,45,862,709,1140,616,-1,42.499204,-90.680730
2327,45,496,718,1214,628,-1,42.499202,-90.680745
2328,45,157,734,1212,636,-1,42.499199,-90.680761
2329,45,0,753,1069,610,-1,42.499199,-90.680772
2388,46,0,1408,1604,488,-1,42.499177,-90.680750
2389,46,236,1402,1765,500,-1,42.499177,-90.680739
2389,47,2289,796,270,344,-1,42.499223,-90.680673
2390,46,781,1366,1614,520,-1,42.499179,-90.680723
2390,47,2037,719,507,429,-1,42.499221,-90.680681
2391,47,1761,715,790,432,-1,42.499221,-90.680689
2392,47,1500,720,989,428,-1,42.499220,-90.680698
2393,47,1216,735,995,440,-1,42.499217,-90.680714
2394,47,915,729,974,469,-1,42.499213,-90.680732
2395,47,600,754,993,450,-1,42.499212,-90.680748
2396,47,260,740,1092,479,-1,42.499210,-90.680763
2397,47,22,756,971,468,-1,42.499208,-90.680779
2398,47,20,753,679,493,-1,42.499206,-90.680786
2529,48,2098,789,457,453,-1,42.499214,-90.680682
2530,48,2035,797,515,457,-1,42.499213,-90.680685
2531,48,1970,798,583,459,-1,42.499212,-90.680686
2532,48,1900,794,651,466,-1,42.499212,-90.680688
2533,48,1840,790,703,476,-1,42.499211,-90.680690
2534,48,1790,795,769,463,-1,42.499212,-90.680691
2535,48,1741,811,805,451,-1,42.499211,-90.680693
2536,48,1686,799,862,461,-1,42.499211,-90.680694
2537,48,1633,797,923,464,-1,42.499211,-90.680695
2538,48,1602,801,953,462,-1,42.499211,-90.680696
2539,48,1571,805,982,460,-1,42.499211,-90.680697
2540,48,1539,809,1012,458,-1,42.499211,-90.680698
2541,48,1508,814,1041,456,-1,42.499210,-90.680699
2542,48,1470,819,1069,457,-1,42.499210,-90.680700
2543,48,1450,812,1073,467,-1,42.499210,-90.680701
2544,48,1418,806,1054,469,-1,42.499210,-90.680703
2545,48,1389,805,1063,474,-1,42.499209,-90.680705
2546,48,1385,808,1044,470,-1,42.499209,-90.680705
2547,48,1346,812,1096,473,-1,42.499209,-90.680706
2548,48,1350,811,1075,471,-1,42.499209,-90.680706
2549,48,1327,814,1088,464,-1,42.499209,-90.680707
2550,48,1315,820,1095,468,-1,42.499208,-90.680708
2551,48,1314,818,1079,467,-1,42.499209,-90.680708
2552,48,1303,813,1095,470,-1,42.499209,-90.680708
2553,48,1304,816,1089,462,-1,42.499209,-90.680708
2554,48,1311,814,1080,469,-1,42.499209,-90.680708
2555,48,1294,813,1096,466,-1,42.499209,-90.680709
2556,48,1299,815,1086,467,-1,42.499209,-90.680709
2557,48,1292,812,1088,467,-1,42.499209,-90.680709
2558,48,1292,811,1088,466,-1,42.499209,-90.680709
2559,48,1296,813,1085,465,-1,42.499209,-90.680709
2560,48,1303,815,1078,464,-1,42.499209,-90.680709
2561,48,1298,813,1080,465,-1,42.499209,-90.680709
2562,48,1299,814,1084,465,-1,42.499209,-90.680709
2563,48,1298,812,1084,465,-1,42.499209,-90.680709
2564,48,1297,812,1089,467,-1,42.499209,-90.680709
2565,48,1296,813,1086,465,-1,42.499209,-90.680709
2566,48,1297,814,1082,465,-1,42.499209,-90.680709
2567,48,1304,815,1078,462,-1,42.499209,-90.680709
2568,48,1302,816,1079,462,-1,42.499209,-90.680709
2569,48,1302,814,1080,464,-1,42.499209,-90.680709
2570,48,1307,811,1076,468,-1,42.499209,-90.680709
2571,48,1301,815,1080,462,-1,42.499209,-90.680709
2572,48,1301,814,1079,464,-1,42.499209,-90.680709
2573,48,1304,809,1075,470,-1,42.499209,-90.680709
2574,48,1295,812,1077,465,-1,42.499209,-90.680709
2575,48,1295,813,1077,466,-1,42.499209,-90.680709
2576,48,1286,814,1086,465,-1,42.499209,-90.680709
2577,48,1267,812,1097,470,-1,42.499209,-90.680710
2578,48,1269,811,1087,472,-1,42.499209,-90.680710
2579,48,1262,813,1095,476,-1,42.499208,-90.680710
2580,48,1242,815,1116,475,-1,42.499208,-90.680711
2581,48,1245,815,1072,473,-1,42.499208,-90.680712
2582,48,1207,818,1099,474,-1,42.499208,-90.680713
2583,48,1214,815,1072,476,-1,42.499208,-90.680714
2584,48,1185,819,1091,472,-1,42.499208,-90.680715
2585,48,1158,825,1104,468,-1,42.499208,-90.680716
2586,48,1144,818,1081,477,-1,42.499207,-90.680717
2587,48,1094,819,1111,477,-1,42.499207,-90.680719
2588,48,1062,815,1092,475,-1,42.499207,-90.680721
2589,48,1038,830,1063,466,-1,42.499207,-90.680723
2590,48,1000,821,1074,474,-1,42.499207,-90.680724
2591,48,961,830,1060,469,-1,42.499206,-90.680727
2592,48,885,821,1075,480,-1,42.499206,-90.680730
2593,48,849,837,1055,471,-1,42.499205,-90.680732
2594,48,778,833,1074,480,-1,42.499205,-90.680735
2595,48,717,834,1064,483,-1,42.499204,-90.680739
2596,48,648,829,1081,489,-1,42.499204,-90.680742
2597,48,573,822,1065,491,-1,42.499204,-90.680746
2598,48,506,831,1085,493,-1,42.499203,-90.680748
2599,48,416,825,1075,492,-1,42.499203,-90.680753
2600,48,324,830,1089,498,-1,42.499202,-90.680757
2601,48,225,833,1121,502,-1,42.499201,-90.680761
2602,48,134,825,1111,501,-1,42.499202,-90.680766
2603,48,42,829,1097,499,-1,42.499201,-90.680771
2604,48,1,829,1020,507,-1,42.499201,-90.680774
2605,48,15,822,912,526,-1,42.499200,-90.680776
2606,48,8,827,815,499,-1,42.499201,-90.680779
2607,48,21,824,691,500,-1,42.499201,-90.680782
2608,48,0,841,611,497,-1,42.499200,-90.680784
2609,48,0,838,487,491,-1,42.499200,-90.680787
2610,48,0,844,388,472,-1,42.499201,-90.680791
2611,48,2,856,256,431,-1,42.499202,-90.680795
2612,48,3,876,141,380,-1,42.499204,-90.680800
2621,49,0,1364,1712,522,-1,42.499177,-90.680748
2622,49,98,1343,1456,546,-1,42.499177,-90.680749
2623,49,483,1320,1576,570,-1,42.499178,-90.680734
2624,49,855,1318,1574,589,-1,42.499178,-90.680721
2625,49,1235,1306,1302,589,-1,42.499179,-90.680713
2626,49,1560,1264,989,638,-1,42.499180,-90.680707
2744,50,2120,770,419,460,-1,42.499215,-90.680682
2745,50,1928,767,619,453,-1,42.499215,-90.680686
2746,50,1707,781,823,460,-1,42.499213,-90.680693
2748,51,1252,782,1109,496,-1,42.499209,-90.680711
2749,51,1065,754,1091,512,-1,42.499209,-90.680721
2750,51,857,783,1026,482,-1,42.499208,-90.680733
2751,51,611,785,1074,497,-1,42.499206,-90.680744
2752,51,352,814,1116,488,-1,42.499204,-90.680756
2753,51,106,797,1080,515,-1,42.499202,-90.680769
2754,51,19,817,959,508,-1,42.499201,-90.680775
2755,51,13,810,754,479,-1,42.499203,-90.680782
2756,51,0,820,546,479,-1,42.499202,-90.680787
2796,52,1923,790,618,462,-1,42.499212,-90.680688
2797,52,1605,796,952,456,-1,42.499212,-90.680696
2798,52,1337,797,1160,488,-1,42.499209,-90.680705
2799,52,1016,802,1190,489,-1,42.499207,-90.680721
2800,52,706,812,1180,495,-1,42.499205,-90.680736
2801,52,369,807,1219,518,-1,42.499203,-90.680752
2802,52,81,807,1241,527,-1,42.499201,-90.680765
2803,52,6,821,945,509,-1,42.499201,-90.680776
2804,52,10,848,591,490,-1,42.499200,-90.680784
2810,53,9,1267,902,642,-1,42.499176,-90.680761
2811,53,0,1290,1432,613,-1,42.499176,-90.680753
2812,53,59,1286,1716,616,-1,42.499177,-90.680746
2813,53,522,1248,1699,658,-1,42.499178,-90.680730
2837,54,2342,867,216,342,-1,42.499217,-90.680674
2838,54,2078,794,467,474,-1,42.499212,-90.680684
2839,54,1780,798,763,487,-1,42.499210,-90.680692
2840,54,1477,817,950,484,-1,42.499208,-90.680703
2841,54,1174,836,1138,480,-1,42.499206,-90.680714
2842,54,856,848,1127,480,-1,42.499204,-90.680730
2843,54,513,836,1147,507,-1,42.499202,-90.680746
2844,54,162,853,1188,489,-1,42.499201,-90.680762
2845,54,0,823,997,539,-1,42.499199,-90.680774
2846,54,0,844,661,519,-1,42.499198,-90.680782
2880,55,0,1349,1693,557,-1,42.499177,-90.680748
2881,55,0,1362,1649,538,-1,42.499177,-90.680749
2882,55,249,1348,1680,540,-1,42.499178,-90.680740
2883,55,690,1306,1685,588,-1,42.499179,-90.680725
2884,55,1083,1277,1450,608,-1,42.499180,-90.680715
2908,56,1444,758,1110,516,-1,42.499210,-90.680701
2909,56,1082,768,1211,532,-1,42.499207,-90.680717
2910,56,748,787,1221,529,-1,42.499205,-90.680733
2911,56,360,801,1238,531,-1,42.499202,-90.680752
2912,56,65,778,1341,559,-1,42.499201,-90.680763
2913,56,16,811,883,523,-1,42.499200,-90.680777
2914,56,4,825,523,498,-1,42.499200,-90.680787
2928,57,1152,858,1193,453,-1,42.499206,-90.680714
2929,57,845,860,1191,464,-1,42.499204,-90.680729
2930,57,507,854,1182,485,-1,42.499202,-90.680746
2931,57,125,885,1254,468,-1,42.499200,-90.680762
2932,57,0,883,1028,472,-1,42.499199,-90.680773
2933,57,18,916,617,443,-1,42.499198,-90.680782
2974,58,2136,832,418,415,-1,42.499213,-90.680682
2975,58,1859,833,689,444,-1,42.499210,-90.680690
2976,58,1592,857,966,448,-1,42.499208,-90.680697
2977,58,1275,861,1246,453,-1,42.499207,-90.680706
2978,58,993,856,1203,460,-1,42.499206,-90.680722
2979,58,701,855,1223,473,-1,42.499204,-90.680735
2980,58,380,863,1251,475,-1,42.499202,-90.680750
2981,58,59,887,1313,477,-1,42.499199,-90.680764
2982,58,0,885,1000,473,-1,42.499199,-90.680774
3001,59,2356,844,200,328,-1,42.499220,-90.680672
3002,59,2127,788,429,437,-1,42.499215,-90.680681
3003,59,1893,795,649,449,-1,42.499213,-90.680688
3004,59,1642,796,824,457,-1,42.499212,-90.680697
3005,59,1392,797,998,465,-1,42.499210,-90.680706
3006,59,1094,814,1056,452,-1,42.499209,-90.680720
3007,59,837,827,1040,463,-1,42.499206,-90.680734
3008,59,548,812,1054,493,-1,42.499204,-90.680747
3009,59,226,819,1314,496,-1,42.499203,-90.680757
3010,59,0,819,1083,507,-1,42.499201,-90.680773
3011,59,29,835,796,493,-1,42.499201,-90.680779
3012,59,7,862,444,452,-1,42.499201,-90.680789
3037,60,917,756,1411,607,-1,42.499203,-90.680720
3038,60,505,785,1554,589,-1,42.499201,-90.680737
3039,60,130,804,1590,567,-1,42.499200,-90.680753
3040,60,0,815,1540,569,-1,42.499198,-90.680760
3041,60,37,818,1010,542,-1,42.499199,-90.680772
3042,60,30,848,756,533,-1,42.499197,-90.680777
3047,61,2186,821,365,445,-1,42.499212,-90.680681
3048,61,1909,824,631,471,-1,42.499209,-90.680689
3049,61,1616,838,942,448,-1,42.499209,-90.680696
3050,61,1323,836,1079,474,-1,42.499207,-90.680708
3051,61,1018,853,1081,471,-1,42.499205,-90.680723
3052,61,697,832,1097,506,-1,42.499203,-90.680739
3053,61,350,846,1123,503,-1,42.499201,-90.680755
3054,61,42,851,1096,500,-1,42.499200,-90.680770
3055,61,11,857,795,495,-1,42.499199,-90.680779
3056,61,0,855,482,510,-1,42.499198,-90.680786
3082,62,1160,848,1114,466,-1,42.499206,-90.680715
3083,62,852,852,1089,474,-1,42.499204,-90.680731
3084,62,512,828,1113,508,-1,42.499202,-90.680747
3085,62,141,852,1172,512,-1,42.499200,-90.680763
3086,62,6,847,913,521,-1,42.499198,-90.680775
3207,63,1321,851,1129,473,-1,42.499206,-90.680707
3208,63,1061,859,1139,467,-1,42.499205,-90.680720
3209,63,816,838,1113,504,-1,42.499203,-90.680732
3210,63,564,857,1120,479,-1,42.499203,-90.680745
3211,63,273,872,1148,476,-1,42.499201,-90.680758
3212,63,36,876,1128,486,-1,42.499199,-90.680769
3213,63,17,888,904,467,-1,42.499199,-90.680776
3214,63,19,929,646,433,-1,42.499198,-90.680781
3269,64,0,1288,1603,591,-1,42.499177,-90.680750
3270,64,125,1285,1951,597,-1,42.499178,-90.680740
3271,64,609,1224,1889,676,-1,42.499178,-90.680724
3317,65,1959,807,594,416,-1,42.499215,-90.680686
3318,65,1631,801,919,431,-1,42.499213,-90.680695
3319,65,1299,809,1135,441,-1,42.499211,-90.680707
3320,65,957,831,1127,437,-1,42.499209,-90.680725
3321,65,561,828,1178,458,-1,42.499206,-90.680744
3322,65,250,834,1111,474,-1,42.499203,-90.680761
3323,65,0,852,1018,473,-1,42.499201,-90.680775
3324,65,17,864,654,438,-1,42.499202,-90.680784
3350,66,0,1405,1666,498,-1,42.499177,-90.680749
3351,66,207,1409,1778,485,-1,42.499178,-90.680740
3352,66,645,1371,1689,526,-1,42.499178,-90.680726
3374,67,1226,848,1171,463,-1,42.499207,-90.680711
3375,67,915,854,1200,473,-1,42.499205,-90.680725
3376,67,621,841,1198,493,-1,42.499203,-90.680740
3377,67,329,862,1200,473,-1,42.499202,-90.680754
3378,67,20,878,1185,467,-1,42.499200,-90.680769
3438,68,1245,836,1139,530,-1,42.499203,-90.680711
3439,68,950,841,1139,530,-1,42.499202,-90.680725
3440,68,587,844,1192,528,-1,42.499201,-90.680741
3441,68,273,851,1182,525,-1,42.499199,-90.680756
3442,68,1,870,1115,523,-1,42.499197,-90.680770
3443,68,17,873,764,510,-1,42.499197,-90.680778
3540,69,2021,831,526,433,-1,42.499212,-90.680685
3541,69,1706,850,831,432,-1,42.499210,-90.680694
3542,69,1420,849,1065,454,-1,42.499208,-90.680703
3543,69,1076,875,1114,435,-1,42.499206,-90.680720
3544,69,758,855,1084,471,-1,42.499204,-90.680736
3545,69,408,865,1110,465,-1,42.499202,-90.680753
3546,69,69,889,1112,447,-1,42.499201,-90.680769
3547,69,4,883,864,464,-1,42.499200,-90.680777
3558,70,1694,788,851,474,-1,42.499211,-90.680694
3559,70,1371,798,1175,478,-1,42.499210,-90.680703
3560,70,1031,793,1218,498,-1,42.499207,-90.680719
3561,70,667,820,1225,498,-1,42.499204,-90.680737
3562,70,310,815,1257,504,-1,42.499203,-90.680754
3563,70,0,822,1230,505,-1,42.499201,-90.680770
3584,71,1929,719,623,554,-1,42.499211,-90.680688
3585,71,1620,698,928,581,-1,42.499210,-90.680696
3586,71,1339,683,1196,625,-1,42.499207,-90.680704
3587,71,1002,695,1471,637,-1,42.499205,-90.680715
3588,71,607,700,1573,653,-1,42.499202,-90.680731
3589,71,262,706,1600,650,-1,42.499201,-90.680747
3590,71,0,722,1489,651,-1,42.499199,-90.680762
3591,71,21,732,1188,597,-1,42.499201,-90.680769
3592,71,19,768,842,583,-1,42.499199,-90.680777
3638,72,874,208,90,80,-1,42.499527,-90.680870
3639,72,865,204,95,94,-1,42.499512,-90.680867
3640,72,859,207,98,98,-1,42.499502,-90.680864
3641,72,847,207,103,107,-1,42.499490,-90.680862
3642,72,832,213,125,102,-1,42.499489,-90.680862
3643,72,822,233,114,89,-1,42.499480,-90.680862
3644,72,814,231,119,97,-1,42.499473,-90.680861
3645,72,799,233,130,98,-1,42.499469,-90.680861
3646,72,786,241,136,94,-1,42.499464,-90.680862
3647,72,776,240,137,98,-1,42.499461,-90.680862
3648,72,774,244,127,103,-1,42.499451,-90.680860
3649,72,761,241,138,118,-1,42.499439,-90.680856
3650,72,745,249,144,114,-1,42.499435,-90.680857
3651,72,735,253,144,118,-1,42.499428,-90.680856
3652,72,722,256,159,122,-1,42.499422,-90.680854
3653,72,703,262,164,126,-1,42.499413,-90.680854
3654,72,691,263,172,134,-1,42.499406,-90.680852
3655,72,673,260,177,140,-1,42.499404,-90.680854
3656,72,663,263,183,143,-1,42.499399,-90.680853
3657,72,638,269,195,149,-1,42.499390,-90.680852
3658,72,620,279,211,145,-1,42.499386,-90.680852
3659,72,598,281,218,151,-1,42.499381,-90.680852
3660,72,585,284,214,150,-1,42.499379,-90.680854
3661,72,552,285,236,152,-1,42.499377,-90.680856
3662,72,537,289,234,156,-1,42.499372,-90.680856
3663,72,501,293,257,165,-1,42.499364,-90.680855
3664,72,475,299,263,164,-1,42.499361,-90.680857
3665,72,437,307,282,164,-1,42.499356,-90.680859
3666,72,409,309,306,171,-1,42.499352,-90.680858
3667,72,364,308,328,177,-1,42.499349,-90.680862
3668,72,335,315,341,180,-1,42.499344,-90.680862
3736,73,2033,762,518,538,-1,42.499209,-90.680686
3737,73,1778,747,769,562,-1,42.499208,-90.680693
3738,73,1515,747,1029,573,-1,42.499207,-90.680700
3739,73,1212,733,1292,603,-1,42.499205,-90.680709
3740,73,908,720,1556,633,-1,42.499203,-90.680717
3741,73,600,740,1619,618,-1,42.499202,-90.680731
3742,73,278,757,1585,608,-1,42.499201,-90.680747
3743,73,24,768,1573,616,-1,42.499199,-90.680759
3744,73,0,763,1522,605,-1,42.499199,-90.680761
3840,74,0,1396,882,517,-1,42.499176,-90.680762
3841,74,0,1441,1267,478,-1,42.499176,-90.680755
3842,74,0,1412,1114,493,-1,42.499176,-90.680758
3843,74,85,1442,1661,442,-1,42.499178,-90.680746
3844,74,496,1425,1587,464,-1,42.499178,-90.680733
3845,74,880,1382,1467,498,-1,42.499179,-90.680722
3896,75,1907,745,640,566,-1,42.499208,-90.680690
3897,75,1601,761,953,574,-1,42.499206,-90.680698
3898,75,1203,759,1340,611,-1,42.499203,-90.680708
3899,75,906,744,1540,628,-1,42.499202,-90.680718
3900,75,521,793,1600,587,-1,42.499201,-90.680735
3901,75,168,808,1551,575,-1,42.499199,-90.680752
3902,75,0,817,1361,568,-1,42.499198,-90.680765
3903,75,21,820,942,536,-1,42.499199,-90.680774
3904,75,15,847,643,534,-1,42.499197,-90.680781
3904,76,0,1363,604,548,-1,42.499175,-90.680766
3905,75,5,891,314,414,-1,42.499201,-90.680793
3905,76,0,1363,1169,550,-1,42.499176,-90.680757
3906,76,0,1382,1556,511,-1,42.499177,-90.680751
3948,77,0,1422,1717,477,-1,42.499177,-90.680748
3949,77,229,1399,1806,482,-1,42.499178,-90.680739
3950,77,729,1363,1684,519,-1,42.499179,-90.680723
3951,77,1183,1346,1358,526,-1,42.499180,-90.680713
3992,78,2144,788,414,457,-1,42.499213,-90.680681
3993,78,1858,759,686,520,-1,42.499210,-90.680690
3994,78,1588,755,962,529,-1,42.499209,-90.680697
3995,78,1267,757,1096,532,-1,42.499208,-90.680710
3996,78,984,773,1112,536,-1,42.499206,-90.680724
3997,78,668,779,1113,545,-1,42.499204,-90.680740
3998,78,329,785,1145,555,-1,42.499202,-90.680755
3999,78,24,809,1116,544,-1,42.499200,-90.680770
4027,79,2209,863,346,348,-1,42.499216,-90.680678
4028,79,1935,822,614,405,-1,42.499214,-90.680686
4029,79,1639,827,915,421,-1,42.499212,-90.680695
4030,79,1371,838,1052,421,-1,42.499211,-90.680706
4031,79,1065,847,1044,423,-1,42.499209,-90.680722
4032,79,759,850,1054,456,-1,42.499205,-90.680737
4033,79,468,857,1053,448,-1,42.499204,-90.680751
4034,79,119,862,1171,463,-1,42.499202,-90.680765
4081,80,1874,586,190,43,-1,42.499308,-90.680677
4082,80,1873,586,192,43,-1,42.499308,-90.680677
4083,80,1874,586,190,43,-1,42.499308,-90.680677
4084,80,1874,586,190,43,-1,42.499308,-90.680677
4085,80,1874,586,190,43,-1,42.499308,-90.680677
4086,80,1874,586,190,43,-1,42.499308,-90.680677
4087,80,1874,586,191,43,-1,42.499308,-90.680677
4088,80,1874,586,191,43,-1,42.499308,-90.680677
4089,80,1874,586,191,43,-1,42.499308,-90.680677
4090,80,1874,586,191,43,-1,42.499308,-90.680677
4091,80,1874,586,192,43,-1,42.499308,-90.680677
4092,80,1874,586,192,43,-1,42.499308,-90.680677
4093,80,1874,586,192,43,-1,42.499308,-90.680677
4094,80,1874,586,192,43,-1,42.499308,-90.680677
4095,80,1874,586,192,43,-1,42.499308,-90.680677
4096,80,1874,586,193,43,-1,42.499308,-90.680677
4097,80,1874,586,193,43,-1,42.499308,-90.680677
4098,80,1874,586,193,43,-1,42.499308,-90.680677
4099,80,1873,586,193,43,-1,42.499308,-90.680677
4100,80,1873,586,194,43,-1,42.499308,-90.680677
4101,80,1873,586,194,43,-1,42.499308,-90.680677
4102,80,1873,586,194,43,-1,42.499308,-90.680677
4103,80,1873,586,194,43,-1,42.499308,-90.680677
4104,80,1873,586,194,43,-1,42.499308,-90.680677
4105,80,1873,586,195,43,-1,42.499308,-90.680677
4106,80,1873,586,195,43,-1,42.499308,-90.680677
4107,80,1873,586,195,43,-1,42.499308,-90.680677
4108,80,1873,586,195,43,-1,42.499308,-90.680677
4109,80,1873,586,196,43,-1,42.499308,-90.680677
4110,80,1873,586,196,43,-1,42.499308,-90.680677
4111,80,1873,586,196,43,-1,42.499308,-90.680677
4112,80,1873,586,196,43,-1,42.499308,-90.680677
4113,80,1873,586,197,43,-1,42.499308,-90.680677
4114,80,1873,586,197,43,-1,42.499308,-90.680677
4115,80,1873,586,197,43,-1,42.499308,-90.680677
4116,80,1872,586,197,43,-1,42.499308,-90.680677
4117,80,1872,586,197,43,-1,42.499308,-90.680677
4118,80,1871,586,198,43,-1,42.499308,-90.680677
4119,80,1872,586,194,43,-1,42.499308,-90.680677
4155,81,0,1423,315,467,-1,42.499176,-90.680772
4156,81,9,1275,725,639,-1,42.499175,-90.680764
4157,81,0,1259,1129,636,-1,42.499176,-90.680758
4158,81,0,1294,1474,593,-1,42.499177,-90.680752
4159,81,77,1251,1709,629,-1,42.499178,-90.680745
4160,81,551,1214,1725,680,-1,42.499178,-90.680729
4161,81,991,1231,1550,673,-1,42.499179,-90.680717
4162,81,1385,1205,1165,703,-1,42.499179,-90.680710
4180,82,21,1255,769,638,-1,42.499176,-90.680763
4181,82,0,1250,1154,646,-1,42.499176,-90.680757
4182,82,81,1241,1536,666,-1,42.499177,-90.680748
4202,83,2125,692,422,482,-1,42.499219,-90.680679
4203,83,1863,669,674,528,-1,42.499217,-90.680688
4204,83,1621,692,922,525,-1,42.499215,-90.680695
4205,83,1339,712,1202,519,-1,42.499213,-90.680703
4206,83,1051,710,1323,528,-1,42.499212,-90.680715
4207,83,732,716,1414,525,-1,42.499210,-90.680730
4208,83,425,725,1434,539,-1,42.499208,-90.680745
4209,83,118,731,1430,557,-1,42.499205,-90.680760
4210,83,10,741,1239,540,-1,42.499204,-90.680770
4211,83,2,712,983,562,-1,42.499204,-90.680778
